1 0.32578125 0.196759259259 0.0213541666667 0.0287037037037
1 0.365364583333 0.193518518519 0.0213541666667 0.0314814814815
1 0.311979166667 0.225462962963 0.0239583333333 0.0361111111111
1 0.35078125 0.231481481481 0.0307291666667 0.0407407407407
1 0.358072916667 0.286574074074 0.0421875 0.062037037037
1 0.431770833333 0.285185185185 0.0510416666667 0.062962962963
1 0.43125 0.406018518519 0.0739583333333 0.112037037037
1 0.49609375 0.351851851852 0.0671875 0.0962962962963
1 0.591145833333 0.428240740741 0.120833333333 0.149074074074
3 0.930208333333 0.568981481481 0.138541666667 0.171296296296
0 0.3453125 0.531481481481 0.028125 0.135185185185
0 0.785416666667 0.291203703704 0.0145833333333 0.0527777777778
0 0.665364583333 0.235185185185 0.00885416666667 0.0444444444444
3 0.440885416667 0.15462962963 0.0192708333333 0.0240740740741
3 0.427864583333 0.151388888889 0.0161458333333 0.0231481481481
3 0.451302083333 0.163425925926 0.0171875 0.0231481481481
