0 0.186728395062 0.3310546875 0.0246913580247 0.072265625
0 0.313657407407 0.229248046875 0.0138888888889 0.04541015625
0 0.421489197531 0.282470703125 0.0165895061728 0.05712890625
0 0.467592592593 0.29736328125 0.0208333333333 0.0634765625
0 0.140625 0.25439453125 0.0127314814815 0.037109375
1 0.421103395062 0.2392578125 0.0389660493827 0.046875
1 0.369405864198 0.2392578125 0.0451388888889 0.046875
1 0.435570987654 0.2197265625 0.037037037037 0.041015625
1 0.44849537037 0.200927734375 0.0335648148148 0.04248046875
1 0.465084876543 0.187744140625 0.0289351851852 0.03955078125
1 0.47087191358 0.173095703125 0.0273919753086 0.03076171875
1 0.394290123457 0.21142578125 0.037037037037 0.048828125
1 0.40162037037 0.184326171875 0.0316358024691 0.02978515625
1 0.427854938272 0.17919921875 0.0316358024691 0.0302734375
1 0.45524691358 0.156005859375 0.0262345679012 0.04150390625
1 0.435185185185 0.1533203125 0.0216049382716 0.037109375
1 0.35513117284 0.196044921875 0.0690586419753 0.08837890625
1 0.474344135802 0.13525390625 0.0158179012346 0.017578125
1 0.508101851852 0.124267578125 0.0138888888889 0.01708984375
1 0.491898148148 0.12451171875 0.0123456790123 0.017578125
3 0.518518518519 0.182373046875 0.0308641975309 0.03662109375
3 0.55787037037 0.171630859375 0.0262345679012 0.02880859375
3 0.532021604938 0.150634765625 0.0200617283951 0.02490234375
3 0.553433641975 0.139892578125 0.0173611111111 0.01904296875
3 0.530478395062 0.136474609375 0.016975308642 0.01806640625
3 0.537037037037 0.12744140625 0.0138888888889 0.0185546875
3 0.552854938272 0.116943359375 0.0115740740741 0.01513671875
1 0.521026234568 0.10546875 0.0104166666667 0.0146484375
