3 0.371141975309 0.556640625 0.139660493827 0.1796875
3 0.51350308642 0.446044921875 0.101080246914 0.12939453125
3 0.444830246914 0.340576171875 0.0771604938272 0.09033203125
3 0.532600308642 0.27880859375 0.0582561728395 0.0791015625
3 0.506365740741 0.894775390625 0.197916666667 0.20947265625
0 0.856481481481 0.39794921875 0.0300925925926 0.1064453125
0 0.199459876543 0.337890625 0.0231481481481 0.0751953125
1 0.326195987654 0.269775390625 0.0628858024691 0.06884765625
0 0.721836419753 0.2734375 0.0192901234568 0.0595703125
0 0.707561728395 0.24853515625 0.0162037037037 0.0458984375
0 0.21662808642 0.271728515625 0.0212191358025 0.05615234375
1 0.413773148148 0.201416015625 0.0366512345679 0.03466796875
1 0.44888117284 0.170654296875 0.0273919753086 0.02783203125
3 0.525848765432 0.175048828125 0.028549382716 0.03759765625
3 0.556134259259 0.161376953125 0.0235339506173 0.02978515625
3 0.539351851852 0.13916015625 0.0162037037037 0.017578125
3 0.537422839506 0.12548828125 0.0123456790123 0.0146484375
0 0.566358024691 0.13818359375 0.00925925925926 0.0185546875
1 0.39274691358 0.16943359375 0.0594135802469 0.068359375
1 0.443479938272 0.15478515625 0.0212191358025 0.0205078125
1 0.465856481481 0.14208984375 0.0196759259259 0.025390625
1 0.483024691358 0.12744140625 0.0131172839506 0.0146484375
1 0.49787808642 0.129638671875 0.0150462962963 0.02197265625
1 0.508680555556 0.1259765625 0.0127314814815 0.0166015625
1 0.494405864198 0.121826171875 0.0096450617284 0.01318359375
