0 0.822530864198 0.404052734375 0.0300925925926 0.10107421875
0 0.114969135802 0.304931640625 0.0208333333333 0.06396484375
3 0.386188271605 0.4736328125 0.121913580247 0.1357421875
3 0.245177469136 0.7626953125 0.237268518519 0.369140625
3 0.459297839506 0.314208984375 0.0698302469136 0.06982421875
3 0.577932098765 0.271240234375 0.0563271604938 0.06103515625
3 0.48861882716 0.261474609375 0.056712962963 0.05322265625
1 0.237847222222 0.3125 0.0760030864198 0.0732421875
1 0.324074074074 0.239013671875 0.0509259259259 0.05419921875
1 0.42399691358 0.23828125 0.0486111111111 0.0595703125
3 0.565200617284 0.59326171875 0.253086419753 0.61328125
1 0.391203703704 0.185302734375 0.0354938271605 0.04541015625
1 0.445408950617 0.20849609375 0.0358796296296 0.0361328125
1 0.46412037037 0.18994140625 0.0308641975309 0.0390625
1 0.431520061728 0.164306640625 0.0243055555556 0.02392578125
1 0.474729938272 0.168212890625 0.0250771604938 0.02783203125
1 0.478202160494 0.154296875 0.0204475308642 0.0166015625
1 0.44849537037 0.15283203125 0.0165895061728 0.0205078125
1 0.466435185185 0.142822265625 0.0177469135802 0.02001953125
1 0.478009259259 0.135498046875 0.0154320987654 0.01611328125
1 0.496913580247 0.132568359375 0.0131172839506 0.01806640625
1 0.512152777778 0.121826171875 0.014274691358 0.01416015625
1 0.492091049383 0.12255859375 0.0150462962963 0.013671875
3 0.631944444444 0.224853515625 0.0679012345679 0.04736328125
3 0.554976851852 0.1943359375 0.0435956790123 0.0791015625
3 0.501543209877 0.213134765625 0.0385802469136 0.04638671875
3 0.517361111111 0.190185546875 0.0300925925926 0.03466796875
3 0.518711419753 0.169677734375 0.0273919753086 0.02587890625
3 0.522569444444 0.149658203125 0.0212191358025 0.01708984375
3 0.549768518519 0.13623046875 0.0154320987654 0.0205078125
3 0.52912808642 0.1337890625 0.0181327160494 0.0166015625
0 0.576388888889 0.150634765625 0.00771604938272 0.01806640625
0 0.56462191358 0.143798828125 0.00810185185185 0.02099609375
3 0.554205246914 0.120361328125 0.0135030864198 0.01123046875
3 0.539544753086 0.11279296875 0.0104166666667 0.01171875
3 0.533564814815 0.121826171875 0.0115740740741 0.01025390625
