3 0.529706790123 0.59326171875 0.148148148148 0.2197265625
3 0.33024691358 0.626220703125 0.166666666667 0.19384765625
3 0.496141975309 0.863525390625 0.194444444444 0.27197265625
3 0.196566358025 0.940673828125 0.261188271605 0.11767578125
2 0.752700617284 0.33154296875 0.16049382716 0.0927734375
2 0.536458333333 0.290283203125 0.101466049383 0.07763671875
1 0.387924382716 0.2841796875 0.0675154320988 0.0654296875
1 0.246334876543 0.2802734375 0.0636574074074 0.0732421875
0 0.982831790123 0.2626953125 0.0196759259259 0.0537109375
0 0.68287037037 0.257080078125 0.0208333333333 0.05517578125
1 0.452353395062 0.250732421875 0.0520833333333 0.06396484375
1 0.325617283951 0.224853515625 0.0432098765432 0.05419921875
1 0.368441358025 0.23828125 0.0524691358025 0.048828125
1 0.35725308642 0.20849609375 0.0378086419753 0.0361328125
1 0.440779320988 0.217041015625 0.0381944444444 0.03759765625
1 0.402777777778 0.206298828125 0.033950617284 0.04541015625
1 0.456597222222 0.1962890625 0.0320216049383 0.03125
1 0.469135802469 0.17578125 0.028549382716 0.0380859375
3 0.536844135802 0.17529296875 0.03125 0.0302734375
3 0.545331790123 0.150390625 0.0204475308642 0.0234375
3 0.554012345679 0.131591796875 0.0131172839506 0.01611328125
1 0.395447530864 0.177978515625 0.0277777777778 0.02978515625
1 0.458719135802 0.14794921875 0.0177469135802 0.0234375
1 0.488233024691 0.150146484375 0.0212191358025 0.01904296875
1 0.430362654321 0.183349609375 0.022762345679 0.02490234375
1 0.436342592593 0.17236328125 0.025462962963 0.0244140625
1 0.472415123457 0.136962890625 0.0150462962963 0.02001953125
1 0.483410493827 0.13037109375 0.0138888888889 0.017578125
1 0.506172839506 0.1279296875 0.0131172839506 0.013671875
1 0.496720679012 0.122314453125 0.0111882716049 0.01123046875
0 0.438464506173 0.148681640625 0.00810185185185 0.02197265625
1 0.521219135802 0.105224609375 0.00925925925926 0.01123046875
