3 0.7625 0.613194444444 0.1765625 0.198611111111
3 0.725390625 0.452777777778 0.14453125 0.133333333333
0 0.833984375 0.413194444444 0.02890625 0.1125
3 0.9421875 0.555555555556 0.1109375 0.166666666667
3 0.508203125 0.401388888889 0.16015625 0.275
3 0.5109375 0.586111111111 0.15 0.2
3 0.473828125 0.8375 0.21796875 0.308333333333
3 0.269921875 0.527083333333 0.14765625 0.173611111111
3 0.175 0.688194444444 0.18125 0.215277777778
0 0.60546875 0.251388888889 0.0203125 0.0861111111111
2 0.62734375 0.218055555556 0.1421875 0.0722222222222
2 0.9625 0.219444444444 0.071875 0.0694444444444
2 0.736328125 0.13125 0.07734375 0.0597222222222
3 0.582421875 0.147916666667 0.08046875 0.106944444444
