3 0.514081790123 0.596923828125 0.12924382716 0.22119140625
3 0.330054012346 0.60302734375 0.15162037037 0.1875
3 0.506365740741 0.89697265625 0.221836419753 0.1982421875
3 0.233796296296 0.858642578125 0.255401234568 0.27490234375
2 0.722029320988 0.30322265625 0.132330246914 0.0791015625
1 0.485146604938 0.29248046875 0.112268518519 0.09765625
1 0.0626929012346 0.445068359375 0.125385802469 0.13720703125
1 0.244791666667 0.2890625 0.0659722222222 0.0615234375
1 0.308449074074 0.234375 0.0559413580247 0.068359375
1 0.426890432099 0.255615234375 0.0443672839506 0.04736328125
1 0.374035493827 0.21826171875 0.0528549382716 0.07421875
1 0.43074845679 0.218017578125 0.0366512345679 0.04052734375
1 0.342592592593 0.214111328125 0.0262345679012 0.04248046875
1 0.412808641975 0.19873046875 0.0277777777778 0.03125
1 0.456211419753 0.195556640625 0.0304783950617 0.03466796875
1 0.468364197531 0.179443359375 0.028549382716 0.03271484375
1 0.477430555556 0.167724609375 0.0266203703704 0.02685546875
1 0.427276234568 0.181640625 0.0281635802469 0.0263671875
1 0.407214506173 0.16650390625 0.0250771604938 0.0234375
1 0.476466049383 0.131103515625 0.0154320987654 0.01513671875
3 0.532986111111 0.15283203125 0.0212191358025 0.0234375
3 0.533564814815 0.126708984375 0.0138888888889 0.01904296875
3 0.560570987654 0.12109375 0.0146604938272 0.0185546875
1 0.436535493827 0.17431640625 0.0235339506173 0.0224609375
1 0.390625 0.18505859375 0.0266203703704 0.0244140625
0 0.875771604938 0.228515625 0.0146604938272 0.0498046875
