3 0.327739197531 0.625244140625 0.166280864198 0.18896484375
1 0.139081790123 0.545166015625 0.228009259259 0.17529296875
2 0.708719135802 0.298095703125 0.137345679012 0.09619140625
1 0.904706790123 0.320068359375 0.0810185185185 0.11572265625
2 0.278935185185 0.357666015625 0.287808641975 0.19677734375
2 0.685185185185 0.228759765625 0.0810185185185 0.05029296875
3 0.537422839506 0.170166015625 0.0262345679012 0.03857421875
1 0.424575617284 0.238525390625 0.0474537037037 0.05126953125
1 0.365354938272 0.23828125 0.0478395061728 0.0400390625
1 0.355324074074 0.208984375 0.0362654320988 0.0322265625
1 0.385416666667 0.222412109375 0.0324074074074 0.04248046875
1 0.436342592593 0.21484375 0.0354938271605 0.0283203125
1 0.400077160494 0.202392578125 0.0316358024691 0.02587890625
1 0.453703703704 0.205322265625 0.0324074074074 0.04345703125
1 0.413387345679 0.188720703125 0.0258487654321 0.02490234375
1 0.441936728395 0.17333984375 0.0243055555556 0.0234375
1 0.473186728395 0.1728515625 0.0258487654321 0.037109375
1 0.484567901235 0.133056640625 0.0138888888889 0.01708984375
1 0.497492283951 0.1162109375 0.0111882716049 0.0146484375
3 0.538194444444 0.11474609375 0.0123456790123 0.013671875
1 0.518904320988 0.108642578125 0.00925925925926 0.01025390625
1 0.509645061728 0.108154296875 0.00694444444444 0.01025390625
1 0.467399691358 0.15234375 0.0189043209877 0.021484375
