1 0.575260416667 0.84212962963 0.225520833333 0.313888888889
1 0.871354166667 0.862037037037 0.235416666667 0.261111111111
1 0.552083333333 0.471759259259 0.115625 0.162037037037
1 0.403125 0.415277777778 0.078125 0.119444444444
1 0.364322916667 0.300925925926 0.0421875 0.0907407407407
1 0.39140625 0.243518518519 0.0338541666667 0.05
1 0.311979166667 0.226388888889 0.0239583333333 0.0342592592593
1 0.3484375 0.226851851852 0.0302083333333 0.0425925925926
1 0.372916666667 0.195833333333 0.0270833333333 0.0342592592593
1 0.3296875 0.193518518519 0.01875 0.0314814814815
3 0.5125 0.234259259259 0.0416666666667 0.0462962962963
3 0.427864583333 0.152314814815 0.0171875 0.0212962962963
3 0.440885416667 0.152314814815 0.0151041666667 0.025
3 0.451302083333 0.162962962963 0.0161458333333 0.0222222222222
0 0.346875 0.52962962963 0.03125 0.142592592593
0 0.194010416667 0.365277777778 0.0140625 0.0546296296296
