3 0.516589506173 0.5244140625 0.126543209877 0.216796875
3 0.43325617284 0.37646484375 0.0833333333333 0.09765625
3 0.514081790123 0.30712890625 0.0636574074074 0.068359375
3 0.362654320988 0.58251953125 0.156635802469 0.1865234375
3 0.192708333333 0.8857421875 0.279706790123 0.2275390625
1 0.147569444444 0.325439453125 0.179398148148 0.19677734375
0 0.614776234568 0.21240234375 0.014274691358 0.0439453125
0 0.562692901235 0.160400390625 0.0104166666667 0.02783203125
0 0.406828703704 0.16748046875 0.0096450617284 0.0283203125
1 0.378472222222 0.224609375 0.0447530864198 0.044921875
3 0.490933641975 0.238525390625 0.0428240740741 0.04736328125
3 0.52662037037 0.211669921875 0.0362654320988 0.05029296875
3 0.519675925926 0.180908203125 0.028549382716 0.03173828125
1 0.444444444444 0.170654296875 0.0246913580247 0.02685546875
1 0.470486111111 0.1455078125 0.0204475308642 0.0224609375
1 0.495563271605 0.140869140625 0.0189043209877 0.02197265625
1 0.481867283951 0.12939453125 0.0146604938272 0.01953125
3 0.554591049383 0.137451171875 0.0196759259259 0.02001953125
1 0.507137345679 0.125732421875 0.014274691358 0.01220703125
1 0.513117283951 0.1181640625 0.0123456790123 0.0126953125
1 0.502314814815 0.115234375 0.0108024691358 0.0107421875
1 0.518904320988 0.109619140625 0.0108024691358 0.01318359375
1 0.525848765432 0.10205078125 0.00771604938272 0.01171875
3 0.544367283951 0.117919921875 0.0108024691358 0.01318359375
0 0.567901234568 0.12841796875 0.0054012345679 0.0185546875
