0 0.834114583333 0.367592592593 0.0140625 0.0537037037037
0 0.853645833333 0.3625 0.0208333333333 0.0824074074074
0 0.93359375 0.40462962963 0.0213541666667 0.0833333333333
0 0.29375 0.265277777778 0.0145833333333 0.0583333333333
1 0.68125 0.450925925926 0.155208333333 0.137037037037
1 0.429427083333 0.288425925926 0.0463541666667 0.0657407407407
1 0.398697916667 0.226851851852 0.0348958333333 0.05
1 0.311979166667 0.223611111111 0.028125 0.0435185185185
1 0.355208333333 0.207407407407 0.0239583333333 0.0351851851852
1 0.3703125 0.194444444444 0.0197916666667 0.0333333333333
2 0.34921875 0.186111111111 0.0359375 0.0314814814815
3 0.42734375 0.154166666667 0.0161458333333 0.0287037037037
3 0.43828125 0.156018518519 0.0161458333333 0.0324074074074
3 0.450520833333 0.159259259259 0.0177083333333 0.0240740740741
0 0.520572916667 0.17962962963 0.0119791666667 0.0388888888889
