3 0.844140625 0.903472222222 0.26484375 0.190277777778
3 0.2 0.565972222222 0.1984375 0.234722222222
3 0.472265625 0.490277777778 0.17421875 0.313888888889
3 0.3765625 0.265972222222 0.0953125 0.101388888889
3 0.61328125 0.297916666667 0.084375 0.0958333333333
3 0.47578125 0.329166666667 0.090625 0.0777777777778
3 0.512109375 0.271527777778 0.07265625 0.0819444444444
3 0.468359375 0.218055555556 0.06796875 0.0833333333333
3 0.5359375 0.1875 0.046875 0.0666666666667
3 0.61328125 0.202777777778 0.0546875 0.0638888888889
3 0.6875 0.178472222222 0.0546875 0.0569444444444
3 0.855078125 0.372222222222 0.24921875 0.322222222222
3 0.71015625 0.272916666667 0.0578125 0.0930555555556
3 0.69375 0.234027777778 0.0390625 0.0791666666667
2 0.16875 0.254861111111 0.165625 0.0930555555556
2 0.21171875 0.229166666667 0.14375 0.0833333333333
2 0.59296875 0.131944444444 0.075 0.0444444444444
3 0.48515625 0.126388888889 0.06875 0.0722222222222
2 0.6921875 0.1125 0.1453125 0.0833333333333
0 0.883984375 0.201388888889 0.01796875 0.0638888888889
0 0.82578125 0.206944444444 0.0171875 0.0611111111111
0 0.9203125 0.191666666667 0.015625 0.0527777777778
0 0.9421875 0.225694444444 0.0234375 0.0708333333333
1 0.966796875 0.190972222222 0.05859375 0.0597222222222
0 0.97734375 0.222222222222 0.01875 0.0611111111111
