0 0.86361882716 0.84130859375 0.0736882716049 0.2119140625
3 0.36400462963 0.60400390625 0.149305555556 0.16796875
3 0.541666666667 0.3291015625 0.124228395062 0.25
0 0.686342592593 0.2734375 0.0277777777778 0.0595703125
3 0.56037808642 0.188720703125 0.0289351851852 0.03662109375
0 0.137731481481 0.25537109375 0.0146604938272 0.037109375
1 0.420910493827 0.23876953125 0.0401234567901 0.044921875
1 0.437114197531 0.220458984375 0.0324074074074 0.03955078125
1 0.416280864198 0.192626953125 0.0331790123457 0.03466796875
3 0.510416666667 0.200927734375 0.0347222222222 0.03076171875
3 0.521026234568 0.171142578125 0.0335648148148 0.04833984375
3 0.551697530864 0.145751953125 0.0162037037037 0.02587890625
3 0.52700617284 0.1376953125 0.0154320987654 0.0185546875
3 0.553819444444 0.1279296875 0.0165895061728 0.0166015625
1 0.50424382716 0.130126953125 0.0138888888889 0.01513671875
1 0.486304012346 0.127197265625 0.0111882716049 0.01806640625
1 0.516203703704 0.11474609375 0.0100308641975 0.0126953125
1 0.497492283951 0.116943359375 0.0096450617284 0.01220703125
1 0.506172839506 0.111572265625 0.00771604938272 0.00927734375
3 0.531635802469 0.12548828125 0.0131172839506 0.0146484375
3 0.536072530864 0.119140625 0.0111882716049 0.0146484375
