3 0.368634259259 0.54736328125 0.142361111111 0.1708984375
3 0.531442901235 0.510009765625 0.110725308642 0.14501953125
0 0.141589506173 0.25634765625 0.0123456790123 0.037109375
1 0.262731481481 0.276123046875 0.0609567901235 0.06005859375
3 0.470679012346 0.2939453125 0.0594135802469 0.0654296875
3 0.513888888889 0.2236328125 0.0439814814815 0.0537109375
1 0.369791666667 0.241943359375 0.0474537037037 0.05126953125
1 0.421489197531 0.238525390625 0.0435956790123 0.04541015625
1 0.359567901235 0.20947265625 0.0378086419753 0.041015625
1 0.40200617284 0.2060546875 0.0378086419753 0.0458984375
1 0.433641975309 0.21923828125 0.0378086419753 0.037109375
1 0.450810185185 0.20263671875 0.0335648148148 0.044921875
1 0.465277777778 0.1875 0.0293209876543 0.037109375
1 0.477044753086 0.165771484375 0.0273919753086 0.03076171875
1 0.471643518519 0.137451171875 0.0165895061728 0.02197265625
1 0.494020061728 0.129150390625 0.0289351851852 0.03466796875
1 0.512731481481 0.1171875 0.0154320987654 0.0205078125
0 0.450231481481 0.154541015625 0.0100308641975 0.02294921875
0 0.669560185185 0.270263671875 0.0181327160494 0.05908203125
0 0.70524691358 0.274658203125 0.0185185185185 0.06591796875
3 0.551890432099 0.171142578125 0.0258487654321 0.02685546875
3 0.526041666667 0.1435546875 0.0173611111111 0.0185546875
3 0.552469135802 0.141357421875 0.0177469135802 0.02294921875
3 0.531442901235 0.12939453125 0.014274691358 0.015625
3 0.532986111111 0.12060546875 0.0104166666667 0.01171875
1 0.522955246914 0.104736328125 0.0111882716049 0.01220703125
