3 0.52237654321 0.574951171875 0.145833333333 0.20458984375
3 0.269483024691 0.824462890625 0.24112654321 0.31591796875
1 0.21412037037 0.311279296875 0.0841049382716 0.10791015625
0 0.0868055555556 0.296630859375 0.0192901234568 0.07470703125
1 0.34799382716 0.24853515625 0.0524691358025 0.0673828125
3 0.538194444444 0.33935546875 0.0632716049383 0.080078125
3 0.452546296296 0.32373046875 0.070987654321 0.0751953125
3 0.544560185185 0.277587890625 0.0590277777778 0.06494140625
0 0.64737654321 0.244140625 0.016975308642 0.0546875
0 0.724537037037 0.26904296875 0.0154320987654 0.064453125
3 0.506365740741 0.23193359375 0.0420524691358 0.04296875
1 0.405864197531 0.2060546875 0.0378086419753 0.04296875
1 0.42862654321 0.16796875 0.0239197530864 0.0263671875
1 0.461419753086 0.1630859375 0.0216049382716 0.0263671875
0 0.388310185185 0.181640625 0.0096450617284 0.03515625
0 0.40200617284 0.175048828125 0.00925925925926 0.02490234375
0 0.411651234568 0.173583984375 0.0108024691358 0.02685546875
3 0.551697530864 0.2001953125 0.0324074074074 0.037109375
3 0.518325617284 0.190673828125 0.0266203703704 0.03466796875
3 0.523919753086 0.166748046875 0.0231481481481 0.02978515625
3 0.559606481481 0.17431640625 0.0243055555556 0.025390625
3 0.550154320988 0.153564453125 0.0208333333333 0.02392578125
3 0.528742283951 0.14306640625 0.0165895061728 0.017578125
3 0.532793209877 0.13037109375 0.0146604938272 0.0166015625
3 0.553047839506 0.12109375 0.0127314814815 0.0185546875
3 0.537229938272 0.114501953125 0.0135030864198 0.01416015625
