3 0.320987654321 0.64990234375 0.162808641975 0.1923828125
1 0.151813271605 0.40625 0.12075617284 0.126953125
3 0.441165123457 0.38037109375 0.0868055555556 0.10546875
3 0.49324845679 0.26416015625 0.0543981481481 0.0595703125
0 0.646219135802 0.310791015625 0.0262345679012 0.06982421875
0 0.138117283951 0.255615234375 0.0146604938272 0.03662109375
0 0.687885802469 0.271484375 0.0185185185185 0.0576171875
1 0.419945987654 0.23583984375 0.0374228395062 0.048828125
1 0.436149691358 0.21875 0.0358796296296 0.04296875
3 0.520061728395 0.192138671875 0.028549382716 0.03173828125
3 0.524112654321 0.158203125 0.0219907407407 0.01953125
1 0.447723765432 0.14990234375 0.0204475308642 0.01953125
1 0.489197530864 0.147705078125 0.0192901234568 0.02587890625
1 0.47974537037 0.13232421875 0.0150462962963 0.015625
1 0.504822530864 0.127197265625 0.0119598765432 0.01220703125
1 0.489390432099 0.12353515625 0.0119598765432 0.015625
1 0.510223765432 0.119873046875 0.0119598765432 0.01513671875
3 0.528935185185 0.1396484375 0.0239197530864 0.0322265625
3 0.552854938272 0.132568359375 0.0131172839506 0.01904296875
3 0.551697530864 0.1181640625 0.0131172839506 0.0146484375
3 0.536265432099 0.113525390625 0.0100308641975 0.01416015625
3 0.559027777778 0.19140625 0.0547839506173 0.099609375
