0 0.424189814815 0.729736328125 0.0505401234568 0.19677734375
0 0.366319444444 0.465087890625 0.0358796296296 0.12841796875
0 0.394097222222 0.39697265625 0.0335648148148 0.111328125
0 0.445987654321 0.4658203125 0.0408950617284 0.1201171875
0 0.49112654321 0.43896484375 0.0324074074074 0.119140625
0 0.112461419753 0.48486328125 0.0420524691358 0.130859375
0 0.226466049383 0.39794921875 0.033950617284 0.09765625
0 0.0426311728395 0.40185546875 0.0327932098765 0.10546875
0 0.284143518519 0.241455078125 0.0173611111111 0.06884765625
3 0.52237654321 0.6513671875 0.143518518519 0.1982421875
3 0.869405864198 0.7978515625 0.248842592593 0.4033203125
0 0.265432098765 0.21142578125 0.0131172839506 0.044921875
2 0.164930555556 0.216796875 0.0821759259259 0.04296875
1 0.174189814815 0.18603515625 0.0335648148148 0.033203125
1 0.29899691358 0.17578125 0.0401234567901 0.0419921875
1 0.354938271605 0.1669921875 0.0300925925926 0.0400390625
1 0.392168209877 0.1708984375 0.0289351851852 0.03515625
1 0.357638888889 0.14599609375 0.0347222222222 0.0419921875
1 0.384452160494 0.12939453125 0.0196759259259 0.0244140625
1 0.368441358025 0.12255859375 0.0138888888889 0.01953125
1 0.387538580247 0.104248046875 0.0181327160494 0.01904296875
0 0.553819444444 0.193359375 0.0150462962963 0.0458984375
0 0.481288580247 0.11767578125 0.00810185185185 0.0234375
3 0.456404320988 0.10009765625 0.0293209876543 0.0390625
3 0.515625 0.10595703125 0.0196759259259 0.0224609375
3 0.494598765432 0.099365234375 0.0200617283951 0.01513671875
1 0.405671296296 0.086181640625 0.0119598765432 0.01220703125
