3 0.533179012346 0.857421875 0.212962962963 0.2841796875
3 0.693672839506 0.4072265625 0.239969135802 0.3203125
0 0.943287037037 0.7060546875 0.054012345679 0.1650390625
0 0.0173611111111 0.419921875 0.0277777777778 0.091796875
3 0.515817901235 0.224609375 0.0478395061728 0.052734375
3 0.460069444444 0.19921875 0.0412808641975 0.0439453125
3 0.462191358025 0.161376953125 0.025462962963 0.03564453125
3 0.489583333333 0.137939453125 0.0270061728395 0.02783203125
3 0.451774691358 0.13818359375 0.025462962963 0.029296875
3 0.433641975309 0.100830078125 0.0192901234568 0.01806640625
3 0.516396604938 0.1044921875 0.0181327160494 0.017578125
3 0.491705246914 0.09912109375 0.0173611111111 0.0205078125
1 0.173804012346 0.184814453125 0.0297067901235 0.03173828125
1 0.342978395062 0.170654296875 0.0324074074074 0.03271484375
1 0.386959876543 0.16650390625 0.0308641975309 0.033203125
1 0.315972222222 0.158447265625 0.0270061728395 0.02880859375
1 0.325617283951 0.1455078125 0.0223765432099 0.0234375
1 0.358217592593 0.16064453125 0.0243055555556 0.0244140625
1 0.396026234568 0.152587890625 0.0250771604938 0.02880859375
1 0.332947530864 0.12548828125 0.045524691358 0.044921875
