3 0.93828125 0.55625 0.115625 0.206944444444
3 0.727734375 0.468055555556 0.14609375 0.172222222222
3 0.5125 0.590972222222 0.153125 0.179166666667
3 0.469921875 0.842361111111 0.22421875 0.298611111111
3 0.194140625 0.784027777778 0.24453125 0.268055555556
3 0.266796875 0.532638888889 0.16171875 0.1625
3 0.505078125 0.404861111111 0.16171875 0.254166666667
3 0.6671875 0.245833333333 0.06875 0.0722222222222
3 0.4328125 0.242361111111 0.071875 0.0652777777778
3 0.545703125 0.238888888889 0.05703125 0.0583333333333
3 0.471875 0.204166666667 0.05625 0.0583333333333
3 0.552734375 0.198611111111 0.04296875 0.0444444444444
3 0.58984375 0.182638888889 0.0375 0.0541666666667
3 0.655859375 0.174305555556 0.04609375 0.0458333333333
2 0.800390625 0.125 0.17734375 0.075
3 0.616015625 0.113194444444 0.13046875 0.0958333333333
3 0.529296875 0.158333333333 0.03984375 0.0333333333333
