1 0.547395833333 0.616203703704 0.152083333333 0.219444444444
1 0.771875 0.538888888889 0.184375 0.196296296296
1 0.548697916667 0.425462962963 0.0901041666667 0.123148148148
1 0.37890625 0.362037037037 0.0630208333333 0.0944444444444
1 0.451822916667 0.321296296296 0.0588541666667 0.0851851851852
1 0.355208333333 0.266203703704 0.034375 0.0564814814815
1 0.353125 0.225925925926 0.028125 0.0481481481481
1 0.33671875 0.203240740741 0.0213541666667 0.0305555555556
1 0.3703125 0.203240740741 0.0197916666667 0.0305555555556
1 0.311458333333 0.223611111111 0.025 0.0361111111111
3 0.721875 0.376851851852 0.102083333333 0.1
3 0.449739583333 0.166203703704 0.0151041666667 0.0231481481481
3 0.440364583333 0.155092592593 0.0140625 0.0194444444444
3 0.42734375 0.154166666667 0.0161458333333 0.0175925925926
0 0.789322916667 0.286111111111 0.0109375 0.0537037037037
0 0.658072916667 0.231481481481 0.0109375 0.0407407407407
0 0.345833333333 0.536111111111 0.03125 0.137037037037
