3 0.767578125 0.607638888889 0.17109375 0.190277777778
3 0.5109375 0.592361111111 0.1546875 0.201388888889
3 0.728515625 0.454166666667 0.13984375 0.141666666667
3 0.468359375 0.8375 0.23203125 0.302777777778
3 0.26796875 0.524305555556 0.15625 0.176388888889
3 0.17734375 0.686805555556 0.178125 0.2375
3 0.937109375 0.557638888889 0.11015625 0.165277777778
3 0.508984375 0.394444444444 0.16171875 0.252777777778
2 0.512109375 0.227777777778 0.13671875 0.0916666666667
2 0.3171875 0.219444444444 0.1203125 0.0833333333333
2 0.137890625 0.264583333333 0.13046875 0.0875
2 0.200390625 0.211111111111 0.09921875 0.0611111111111
0 0.628125 0.304861111111 0.025 0.0986111111111
0 0.7953125 0.228472222222 0.0203125 0.0736111111111
0 0.883984375 0.188194444444 0.01953125 0.0513888888889
2 0.95078125 0.221527777778 0.0859375 0.0680555555556
3 0.547265625 0.133333333333 0.08203125 0.116666666667
