3 0.498842592593 0.410888671875 0.096450617284 0.11474609375
0 0.769675925926 0.48779296875 0.0447530864198 0.1220703125
0 0.878665123457 0.47119140625 0.03125 0.1435546875
0 0.949845679012 0.506103515625 0.0432098765432 0.15576171875
0 0.63175154321 0.280029296875 0.03125 0.08544921875
1 0.172839506173 0.42919921875 0.152777777778 0.2333984375
1 0.199845679012 0.299560546875 0.079475308642 0.07177734375
1 0.330632716049 0.271240234375 0.0686728395062 0.07958984375
1 0.260416666667 0.248779296875 0.0632716049383 0.06982421875
1 0.298804012346 0.2119140625 0.048225308642 0.0458984375
1 0.386959876543 0.1748046875 0.0354938271605 0.03515625
1 0.174382716049 0.184814453125 0.0354938271605 0.03271484375
1 0.288773148148 0.15869140625 0.0605709876543 0.07421875
1 0.324652777778 0.15771484375 0.022762345679 0.0322265625
1 0.335262345679 0.14013671875 0.0231481481481 0.0244140625
1 0.36400462963 0.108642578125 0.0204475308642 0.01806640625
3 0.495177469136 0.246337890625 0.0513117283951 0.05615234375
0 0.691358024691 0.249755859375 0.0216049382716 0.06103515625
0 0.719907407407 0.23876953125 0.0177469135802 0.05859375
3 0.450617283951 0.12939453125 0.0231481481481 0.0244140625
3 0.499614197531 0.14453125 0.0555555555556 0.0673828125
3 0.432677469136 0.102294921875 0.0181327160494 0.02294921875
1 0.385609567901 0.091796875 0.014274691358 0.0224609375
3 0.515239197531 0.104248046875 0.0165895061728 0.01513671875
3 0.463927469136 0.102294921875 0.0304783950617 0.04736328125
