3 0.512731481481 0.427734375 0.104938271605 0.111328125
3 0.567708333333 0.272216796875 0.0675154320988 0.07177734375
3 0.482060185185 0.291259765625 0.0698302469136 0.08544921875
0 0.699074074074 0.40869140625 0.0385802469136 0.119140625
0 0.820794753086 0.35986328125 0.0335648148148 0.091796875
0 0.10725308642 0.354248046875 0.0246913580247 0.08642578125
0 0.171296296296 0.328857421875 0.028549382716 0.07861328125
0 0.110339506173 0.248779296875 0.0185185185185 0.06298828125
0 0.222608024691 0.20263671875 0.016975308642 0.04296875
3 0.459297839506 0.231201171875 0.0435956790123 0.05517578125
3 0.525462962963 0.21484375 0.0462962962963 0.0517578125
0 0.559799382716 0.18017578125 0.0131172839506 0.0458984375
0 0.62924382716 0.21826171875 0.0162037037037 0.0478515625
0 0.621334876543 0.197509765625 0.0150462962963 0.04248046875
3 0.482445987654 0.1689453125 0.0351080246914 0.041015625
3 0.451388888889 0.195068359375 0.0408950617284 0.04248046875
3 0.445794753086 0.162841796875 0.0258487654321 0.03466796875
3 0.466242283951 0.142822265625 0.0273919753086 0.02880859375
3 0.445987654321 0.13134765625 0.0246913580247 0.0283203125
3 0.4375 0.123779296875 0.0200617283951 0.02587890625
3 0.427662037037 0.097412109375 0.0150462962963 0.01904296875
3 0.452546296296 0.097900390625 0.0138888888889 0.01513671875
3 0.478202160494 0.114013671875 0.0335648148148 0.05029296875
3 0.514081790123 0.104248046875 0.0173611111111 0.01806640625
1 0.309992283951 0.298095703125 0.0659722222222 0.08349609375
1 0.254050925926 0.260009765625 0.0582561728395 0.08935546875
1 0.360532407407 0.223876953125 0.0497685185185 0.04931640625
1 0.304591049383 0.197021484375 0.0574845679012 0.06884765625
1 0.338734567901 0.179443359375 0.033950617284 0.03955078125
1 0.391589506173 0.171630859375 0.0362654320988 0.03955078125
1 0.327546296296 0.146728515625 0.028549382716 0.02783203125
1 0.173418209877 0.1845703125 0.0343364197531 0.0341796875
1 0.353973765432 0.158935546875 0.0266203703704 0.02978515625
1 0.369984567901 0.14599609375 0.0223765432099 0.02734375
1 0.402584876543 0.1435546875 0.022762345679 0.0244140625
1 0.399691358025 0.12451171875 0.0246913580247 0.0244140625
1 0.372492283951 0.13134765625 0.0243055555556 0.0205078125
3 0.572145061728 0.931640625 0.215277777778 0.1337890625
