3 0.77578125 0.629861111111 0.171875 0.204166666667
3 0.728125 0.461111111111 0.14375 0.138888888889
3 0.5109375 0.58125 0.14375 0.190277777778
3 0.26953125 0.525694444444 0.1546875 0.165277777778
3 0.174609375 0.682638888889 0.18359375 0.215277777778
3 0.473828125 0.8375 0.23046875 0.316666666667
3 0.939453125 0.557638888889 0.11953125 0.165277777778
3 0.9546875 0.399305555556 0.0890625 0.1125
3 0.952734375 0.334722222222 0.08515625 0.0916666666667
3 0.50859375 0.407638888889 0.1640625 0.276388888889
3 0.934765625 0.260416666667 0.06640625 0.0736111111111
2 0.539453125 0.230555555556 0.14140625 0.0777777777778
2 0.619921875 0.209722222222 0.11484375 0.0805555555556
2 0.16875 0.264583333333 0.1609375 0.0958333333333
2 0.3328125 0.211805555556 0.134375 0.0847222222222
0 0.7796875 0.239583333333 0.0265625 0.0736111111111
0 0.819921875 0.238888888889 0.02421875 0.0638888888889
0 0.86640625 0.275694444444 0.0203125 0.0763888888889
2 0.88125 0.208333333333 0.1015625 0.0666666666667
1 0.884375 0.167361111111 0.0703125 0.0708333333333
3 0.60625 0.150694444444 0.06875 0.0458333333333
3 0.541015625 0.156944444444 0.05234375 0.0694444444444
