3 0.284529320988 0.7763671875 0.202546296296 0.265625
3 0.44849537037 0.362548828125 0.0868055555556 0.09521484375
3 0.551311728395 0.241455078125 0.0833333333333 0.14501953125
0 0.72974537037 0.459716796875 0.0374228395062 0.11474609375
0 0.686535493827 0.270751953125 0.0204475308642 0.05517578125
1 0.351273148148 0.24462890625 0.0536265432099 0.0517578125
1 0.421296296296 0.23974609375 0.0378086419753 0.0478515625
1 0.436921296296 0.220458984375 0.039737654321 0.04248046875
1 0.470293209877 0.137939453125 0.0192901234568 0.02099609375
1 0.496527777778 0.1376953125 0.0154320987654 0.0205078125
1 0.489197530864 0.122314453125 0.0123456790123 0.01318359375
1 0.511959876543 0.119384765625 0.0131172839506 0.01416015625
3 0.518518518519 0.175537109375 0.0300925925926 0.02685546875
3 0.526041666667 0.151611328125 0.0273919753086 0.03857421875
3 0.558449074074 0.16357421875 0.0297067901235 0.017578125
3 0.553819444444 0.13671875 0.0181327160494 0.0205078125
