1 0.452864583333 0.45 0.0869791666667 0.131481481481
1 0.509114583333 0.371296296296 0.0692708333333 0.103703703704
1 0.63515625 0.459722222222 0.134895833333 0.162037037037
1 0.438020833333 0.295833333333 0.0510416666667 0.0694444444444
1 0.361197916667 0.30462962963 0.0463541666667 0.0722222222222
1 0.311458333333 0.225462962963 0.025 0.0398148148148
1 0.36484375 0.196759259259 0.0192708333333 0.0324074074074
1 0.330729166667 0.200462962963 0.0166666666667 0.0287037037037
1 0.352083333333 0.239814814815 0.0302083333333 0.0462962962963
0 0.3453125 0.532407407407 0.028125 0.137037037037
0 0.7859375 0.29212962963 0.0135416666667 0.0546296296296
0 0.663802083333 0.234259259259 0.0140625 0.0462962962963
3 0.863020833333 0.494444444444 0.140625 0.146296296296
3 0.427864583333 0.156018518519 0.0130208333333 0.0175925925926
3 0.43984375 0.155092592593 0.0109375 0.0231481481481
3 0.44921875 0.165740740741 0.0140625 0.0203703703704
