3 0.561728395062 0.849853515625 0.222222222222 0.29931640625
3 0.519675925926 0.470458984375 0.111111111111 0.15087890625
3 0.62075617284 0.371826171875 0.096450617284 0.13720703125
3 0.293402777778 0.419189453125 0.109953703704 0.11865234375
2 0.187885802469 0.336669921875 0.115740740741 0.08544921875
2 0.0673225308642 0.2841796875 0.09375 0.0869140625
3 0.465277777778 0.298583984375 0.0771604938272 0.08251953125
3 0.553240740741 0.2216796875 0.108796296296 0.1572265625
3 0.46875 0.19482421875 0.0408950617284 0.0458984375
0 0.622106481481 0.24072265625 0.0289351851852 0.0703125
1 0.174382716049 0.1865234375 0.0354938271605 0.0322265625
1 0.393325617284 0.170654296875 0.0327932098765 0.03662109375
1 0.346450617284 0.179443359375 0.0293209876543 0.03466796875
1 0.304591049383 0.166748046875 0.0297067901235 0.02880859375
1 0.325617283951 0.141845703125 0.0270061728395 0.03369140625
1 0.353587962963 0.163330078125 0.0258487654321 0.02880859375
1 0.360146604938 0.1494140625 0.0250771604938 0.029296875
1 0.374228395062 0.135986328125 0.0216049382716 0.03076171875
1 0.404320987654 0.12841796875 0.0293209876543 0.041015625
1 0.515817901235 0.103271484375 0.0208333333333 0.01708984375
1 0.442708333333 0.07666015625 0.0173611111111 0.0234375
