0 0.111458333333 0.574074074074 0.0291666666667 0.142592592593
0 0.821614583333 0.43287037037 0.0151041666667 0.0694444444444
0 0.83359375 0.416666666667 0.0192708333333 0.087037037037
0 0.538802083333 0.187037037037 0.0109375 0.0333333333333
1 0.784895833333 0.509722222222 0.184375 0.165740740741
1 0.545052083333 0.391203703704 0.1046875 0.106481481481
1 0.48359375 0.328703703704 0.0661458333333 0.0851851851852
1 0.429427083333 0.293981481481 0.0463541666667 0.0657407407407
1 0.3125 0.224537037037 0.025 0.037962962963
1 0.362760416667 0.198611111111 0.0265625 0.0324074074074
2 0.375260416667 0.180092592593 0.0317708333333 0.0268518518519
3 0.42734375 0.154166666667 0.0130208333333 0.0175925925926
3 0.440885416667 0.152314814815 0.0151041666667 0.025
3 0.451302083333 0.164351851852 0.0161458333333 0.0231481481481
0 0.601302083333 0.234259259259 0.0161458333333 0.0444444444444
