3 0.544174382716 0.817626953125 0.189429012346 0.28662109375
3 0.347800925926 0.5947265625 0.153163580247 0.2041015625
3 0.429783950617 0.3544921875 0.0856481481481 0.111328125
3 0.53587962963 0.322265625 0.0663580246914 0.08984375
3 0.460648148148 0.27880859375 0.0563271604938 0.0791015625
3 0.546875 0.264404296875 0.048225308642 0.05908203125
0 0.723765432099 0.272705078125 0.0208333333333 0.06005859375
0 0.130208333333 0.2919921875 0.0173611111111 0.0595703125
0 0.192515432099 0.283203125 0.0177469135802 0.0546875
0 0.356288580247 0.250244140625 0.0181327160494 0.05126953125
1 0.3125 0.242919921875 0.0501543209877 0.04931640625
3 0.556327160494 0.221923828125 0.0362654320988 0.04443359375
3 0.505208333333 0.21142578125 0.0366512345679 0.046875
3 0.541666666667 0.193603515625 0.0324074074074 0.03564453125
3 0.521990740741 0.175048828125 0.0262345679012 0.02880859375
3 0.557098765432 0.176025390625 0.0262345679012 0.02783203125
3 0.55150462963 0.16015625 0.0243055555556 0.0283203125
3 0.528356481481 0.138916015625 0.0150462962963 0.01708984375
3 0.545717592593 0.140380859375 0.0165895061728 0.01611328125
3 0.555169753086 0.13525390625 0.0162037037037 0.015625
3 0.536072530864 0.126708984375 0.0127314814815 0.01318359375
3 0.53587962963 0.113525390625 0.0123456790123 0.01123046875
3 0.55150462963 0.11962890625 0.0127314814815 0.013671875
0 0.447145061728 0.145263671875 0.0100308641975 0.02685546875
