1 0.0516975308642 0.5673828125 0.103395061728 0.2197265625
3 0.418788580247 0.444580078125 0.0999228395062 0.12060546875
3 0.54224537037 0.64599609375 0.163966049383 0.203125
3 0.237654320988 0.89306640625 0.249228395062 0.203125
0 0.82388117284 0.406494140625 0.0273919753086 0.09912109375
0 0.118634259259 0.30419921875 0.0181327160494 0.0595703125
1 0.264853395062 0.27001953125 0.0644290123457 0.068359375
1 0.364390432099 0.240478515625 0.0459104938272 0.04931640625
3 0.489197530864 0.2607421875 0.0509259259259 0.0732421875
3 0.554976851852 0.226318359375 0.0389660493827 0.04638671875
3 0.527584876543 0.20166015625 0.0304783950617 0.044921875
3 0.562885802469 0.180908203125 0.0277777777778 0.03271484375
1 0.424575617284 0.240966796875 0.0513117283951 0.05419921875
1 0.392361111111 0.218994140625 0.0393518518519 0.04150390625
1 0.354359567901 0.19970703125 0.048225308642 0.0634765625
1 0.398919753086 0.18212890625 0.0277777777778 0.0302734375
1 0.434992283951 0.175048828125 0.0273919753086 0.03466796875
1 0.454668209877 0.2021484375 0.0343364197531 0.04296875
3 0.518132716049 0.177490234375 0.028549382716 0.02685546875
0 0.300540123457 0.22900390625 0.0146604938272 0.046875
1 0.488040123457 0.146240234375 0.0192901234568 0.02001953125
1 0.501543209877 0.133056640625 0.0162037037037 0.01513671875
1 0.479938271605 0.132080078125 0.0154320987654 0.02001953125
3 0.537808641975 0.163330078125 0.0239197530864 0.03759765625
3 0.555941358025 0.15478515625 0.0192901234568 0.02734375
3 0.51986882716 0.158447265625 0.0165895061728 0.02001953125
3 0.52700617284 0.13720703125 0.0185185185185 0.017578125
3 0.55825617284 0.13916015625 0.0300925925926 0.0400390625
1 0.502700617284 0.11181640625 0.0115740740741 0.015625
1 0.518132716049 0.111572265625 0.0100308641975 0.01513671875
0 0.460069444444 0.1376953125 0.00733024691358 0.0205078125
