3 0.518904320988 0.594970703125 0.128858024691 0.23193359375
3 0.336226851852 0.603759765625 0.157021604938 0.18603515625
3 0.503472222222 0.896240234375 0.216049382716 0.20654296875
3 0.227237654321 0.859619140625 0.25462962963 0.26708984375
1 0.0842978395062 0.473388671875 0.130015432099 0.12939453125
1 0.275270061728 0.364501953125 0.0976080246914 0.10986328125
1 0.539930555556 0.288818359375 0.110725308642 0.08740234375
2 0.817322530864 0.343017578125 0.166280864198 0.07958984375
2 0.793209876543 0.30029296875 0.156635802469 0.0673828125
2 0.895061728395 0.2529296875 0.121913580247 0.0546875
0 0.811149691358 0.391845703125 0.0335648148148 0.10693359375
1 0.429398148148 0.232177734375 0.0470679012346 0.05419921875
1 0.351658950617 0.256103515625 0.0543981481481 0.06005859375
1 0.288387345679 0.253662109375 0.0543981481481 0.07666015625
1 0.333333333333 0.22412109375 0.045524691358 0.0458984375
1 0.415316358025 0.17431640625 0.0304783950617 0.0302734375
3 0.559799382716 0.162109375 0.0231481481481 0.0234375
1 0.498456790123 0.11767578125 0.0138888888889 0.017578125
1 0.520061728395 0.103515625 0.0154320987654 0.0234375
