3 0.546682098765 0.667236328125 0.148148148148 0.24853515625
3 0.350694444444 0.580810546875 0.149691358025 0.20751953125
3 0.523148148148 0.47705078125 0.0987654320988 0.1220703125
3 0.546489197531 0.3466796875 0.0760030864198 0.08984375
3 0.451967592593 0.311767578125 0.0721450617284 0.07177734375
1 0.0734953703704 0.579345703125 0.146990740741 0.23193359375
0 0.303047839506 0.22900390625 0.0135030864198 0.044921875
0 0.641782407407 0.276123046875 0.0196759259259 0.06591796875
0 0.698688271605 0.2236328125 0.0131172839506 0.041015625
0 0.582175925926 0.16943359375 0.0100308641975 0.0341796875
0 0.565200617284 0.135498046875 0.00925925925926 0.01904296875
1 0.355516975309 0.246337890625 0.0528549382716 0.05322265625
3 0.490162037037 0.25244140625 0.0466820987654 0.064453125
3 0.554783950617 0.2236328125 0.0424382716049 0.060546875
3 0.589891975309 0.205078125 0.0354938271605 0.041015625
3 0.509066358025 0.222900390625 0.0428240740741 0.04833984375
3 0.52237654321 0.1943359375 0.0324074074074 0.0263671875
3 0.516203703704 0.176025390625 0.0277777777778 0.02392578125
3 0.52700617284 0.15771484375 0.0192901234568 0.0234375
3 0.534336419753 0.127685546875 0.0154320987654 0.01708984375
1 0.441550925926 0.21435546875 0.039737654321 0.0419921875
1 0.429012345679 0.173095703125 0.0262345679012 0.03857421875
1 0.465470679012 0.163330078125 0.022762345679 0.02490234375
1 0.446952160494 0.1572265625 0.0204475308642 0.021484375
1 0.492669753086 0.141845703125 0.0162037037037 0.01904296875
1 0.478202160494 0.136962890625 0.0150462962963 0.01708984375
1 0.506558641975 0.132080078125 0.0123456790123 0.01708984375
1 0.49324845679 0.121337890625 0.0119598765432 0.01611328125
1 0.515625 0.116943359375 0.0111882716049 0.01220703125
