1 0.42890625 0.406018518519 0.0755208333333 0.112037037037
1 0.58671875 0.429166666667 0.1203125 0.147222222222
1 0.49453125 0.353703703704 0.0661458333333 0.0962962962963
1 0.429947916667 0.281481481481 0.0473958333333 0.062962962963
1 0.357291666667 0.286574074074 0.0416666666667 0.062037037037
1 0.3109375 0.226388888889 0.0260416666667 0.0416666666667
1 0.350260416667 0.234259259259 0.0296875 0.0425925925926
1 0.36328125 0.193518518519 0.0223958333333 0.0314814814815
1 0.329166666667 0.197685185185 0.0177083333333 0.0268518518519
3 0.9328125 0.578703703704 0.127083333333 0.17962962963
3 0.42578125 0.155092592593 0.0109375 0.0231481481481
3 0.440364583333 0.155092592593 0.00989583333333 0.0194444444444
3 0.450260416667 0.1625 0.0140625 0.0194444444444
0 0.347395833333 0.533333333333 0.0260416666667 0.138888888889
0 0.787239583333 0.290277777778 0.0151041666667 0.0583333333333
0 0.66640625 0.235185185185 0.0151041666667 0.0444444444444
