1 0.505989583333 0.774537037037 0.156770833333 0.347222222222
1 0.72421875 0.756481481481 0.2234375 0.324074074074
1 0.419010416667 0.444444444444 0.0869791666667 0.174074074074
1 0.421875 0.298611111111 0.0489583333333 0.0712962962963
1 0.358854166667 0.265740740741 0.0333333333333 0.0555555555556
1 0.313020833333 0.226388888889 0.0260416666667 0.0342592592593
1 0.372395833333 0.230555555556 0.0322916666667 0.0462962962963
1 0.34921875 0.208333333333 0.0296875 0.037037037037
1 0.388802083333 0.20462962963 0.0328125 0.0407407407407
3 0.461458333333 0.204166666667 0.0302083333333 0.0361111111111
3 0.427864583333 0.153240740741 0.0151041666667 0.0194444444444
3 0.440885416667 0.153240740741 0.0151041666667 0.0231481481481
3 0.451822916667 0.165277777778 0.0171875 0.0212962962963
0 0.346354166667 0.530555555556 0.0302083333333 0.140740740741
0 0.740364583333 0.26712962963 0.0130208333333 0.0583333333333
0 0.628385416667 0.22037037037 0.0109375 0.0388888888889
0 0.54140625 0.188888888889 0.0078125 0.0333333333333
