3 0.54475308642 0.69091796875 0.166666666667 0.2412109375
0 0.633294753086 0.461181640625 0.0351080246914 0.11474609375
0 0.750192901235 0.48486328125 0.0374228395062 0.130859375
0 0.881172839506 0.511962890625 0.0408950617284 0.13916015625
0 0.873842592593 0.414794921875 0.0362654320988 0.11572265625
1 0.110725308642 0.6083984375 0.180555555556 0.2138671875
2 0.119020061728 0.22119140625 0.0952932098765 0.0439453125
1 0.175925925926 0.186279296875 0.0354938271605 0.03466796875
1 0.215856481481 0.3564453125 0.0829475308642 0.091796875
0 0.0160108024691 0.443115234375 0.0273919753086 0.12548828125
0 0.691165123457 0.268798828125 0.0196759259259 0.07177734375
3 0.479359567901 0.346923828125 0.0744598765432 0.07861328125
1 0.320023148148 0.302490234375 0.0706018518519 0.07763671875
1 0.274691358025 0.25830078125 0.0563271604938 0.0634765625
1 0.365162037037 0.215576171875 0.0474537037037 0.05029296875
1 0.308063271605 0.199951171875 0.0451388888889 0.05224609375
3 0.472800925926 0.17236328125 0.0343364197531 0.037109375
3 0.591242283951 0.26416015625 0.133101851852 0.1845703125
1 0.379436728395 0.184326171875 0.0289351851852 0.03662109375
1 0.348765432099 0.1689453125 0.033950617284 0.046875
1 0.319058641975 0.15673828125 0.0331790123457 0.0380859375
1 0.396219135802 0.16259765625 0.0331790123457 0.0400390625
1 0.40200617284 0.14453125 0.0277777777778 0.0302734375
1 0.361304012346 0.14208984375 0.0281635802469 0.02734375
3 0.475308641975 0.1337890625 0.0246913580247 0.0361328125
3 0.444444444444 0.127197265625 0.0246913580247 0.02587890625
0 0.530671296296 0.1552734375 0.0127314814815 0.0400390625
0 0.509452160494 0.13037109375 0.0111882716049 0.029296875
3 0.513888888889 0.103759765625 0.0192901234568 0.02001953125
3 0.434799382716 0.099365234375 0.0154320987654 0.02001953125
3 0.452932098765 0.084228515625 0.0192901234568 0.02490234375
3 0.490740740741 0.09765625 0.0200617283951 0.0185546875
3 0.460648148148 0.11474609375 0.0200617283951 0.025390625
