3 0.52237654321 0.578125 0.138888888889 0.1923828125
3 0.736304012346 0.580322265625 0.180941358025 0.19970703125
0 0.869791666667 0.40478515625 0.0420524691358 0.111328125
3 0.592399691358 0.323486328125 0.0837191358025 0.08935546875
3 0.48900462963 0.34130859375 0.0860339506173 0.0908203125
3 0.447723765432 0.2568359375 0.0582561728395 0.076171875
3 0.515625 0.214599609375 0.0443672839506 0.05712890625
3 0.44637345679 0.19287109375 0.0424382716049 0.0419921875
3 0.524112654321 0.177001953125 0.0351080246914 0.04052734375
3 0.477430555556 0.158203125 0.0297067901235 0.03515625
3 0.447723765432 0.14501953125 0.0289351851852 0.03125
3 0.489969135802 0.130126953125 0.0408950617284 0.06494140625
0 0.597222222222 0.228759765625 0.0208333333333 0.05712890625
0 0.619020061728 0.1962890625 0.0127314814815 0.048828125
0 0.21450617284 0.25439453125 0.0223765432099 0.05859375
0 0.245563271605 0.21923828125 0.0181327160494 0.0478515625
1 0.172839506173 0.185791015625 0.0331790123457 0.03759765625
1 0.368634259259 0.210693359375 0.0412808641975 0.04931640625
1 0.311921296296 0.199951171875 0.039737654321 0.05322265625
1 0.387152777778 0.17919921875 0.0374228395062 0.0390625
1 0.397955246914 0.1552734375 0.0266203703704 0.03515625
1 0.338927469136 0.16796875 0.0412808641975 0.0537109375
1 0.362268518519 0.1591796875 0.0177469135802 0.0302734375
1 0.350308641975 0.13134765625 0.0246913580247 0.0224609375
1 0.377507716049 0.13818359375 0.0219907407407 0.0234375
1 0.406635802469 0.136962890625 0.0208333333333 0.02197265625
3 0.432484567901 0.115966796875 0.0208333333333 0.02392578125
1 0.391010802469 0.1171875 0.0204475308642 0.0224609375
0 0.527199074074 0.149169921875 0.0127314814815 0.03271484375
3 0.455632716049 0.11279296875 0.0192901234568 0.0224609375
3 0.515046296296 0.103515625 0.0185185185185 0.021484375
3 0.43287037037 0.087890625 0.0123456790123 0.013671875
3 0.453125 0.089111328125 0.0127314814815 0.01318359375
