3 0.76484375 0.609722222222 0.175 0.202777777778
3 0.725390625 0.456944444444 0.14140625 0.136111111111
2 0.63203125 0.234722222222 0.1390625 0.0861111111111
2 0.701953125 0.172222222222 0.22265625 0.155555555556
2 0.50078125 0.122916666667 0.075 0.0513888888889
3 0.510546875 0.584027777778 0.15234375 0.184722222222
3 0.470703125 0.838888888889 0.22421875 0.305555555556
3 0.26796875 0.529166666667 0.153125 0.163888888889
3 0.175390625 0.690277777778 0.17734375 0.219444444444
3 0.936328125 0.545138888889 0.12265625 0.165277777778
3 0.9359375 0.336805555556 0.1265625 0.265277777778
0 0.856640625 0.229861111111 0.02109375 0.0763888888889
0 0.88515625 0.186805555556 0.0171875 0.0708333333333
