3 0.512152777778 0.593017578125 0.127700617284 0.23193359375
3 0.25424382716 0.813720703125 0.229166666667 0.29150390625
1 0.103587962963 0.581787109375 0.200231481481 0.19677734375
1 0.139660493827 0.44970703125 0.14737654321 0.125
0 0.0979938271605 0.3466796875 0.0277777777778 0.0654296875
0 0.492283950617 0.258544921875 0.0177469135802 0.05615234375
1 0.420910493827 0.2412109375 0.0401234567901 0.0458984375
1 0.367283950617 0.240966796875 0.0462962962963 0.04541015625
1 0.305362654321 0.245361328125 0.0528549382716 0.05419921875
1 0.328510802469 0.232666015625 0.0412808641975 0.04931640625
1 0.435185185185 0.22119140625 0.0362654320988 0.0400390625
1 0.450231481481 0.2041015625 0.0354938271605 0.046875
1 0.465277777778 0.18798828125 0.033950617284 0.037109375
1 0.471836419753 0.17333984375 0.0262345679012 0.03125
1 0.393711419753 0.211669921875 0.0389660493827 0.04541015625
1 0.343171296296 0.202392578125 0.0405092592593 0.04638671875
1 0.442515432099 0.1728515625 0.0293209876543 0.029296875
1 0.447723765432 0.150634765625 0.0204475308642 0.02197265625
1 0.469521604938 0.137451171875 0.0192901234568 0.02099609375
1 0.403163580247 0.18115234375 0.0362654320988 0.0302734375
2 0.797260802469 0.225341796875 0.126157407407 0.08154296875
