3 0.781640625 0.622916666667 0.18203125 0.220833333333
3 0.511328125 0.552083333333 0.22421875 0.395833333333
3 0.13203125 0.859722222222 0.2640625 0.272222222222
3 0.491796875 0.909027777778 0.26015625 0.179166666667
3 0.84921875 0.394444444444 0.1171875 0.136111111111
3 0.701171875 0.390277777778 0.11953125 0.113888888889
3 0.680859375 0.30625 0.09921875 0.0847222222222
3 0.97265625 0.38125 0.05 0.145833333333
3 0.49921875 0.347222222222 0.0828125 0.0666666666667
3 0.520703125 0.29375 0.08359375 0.0736111111111
3 0.53984375 0.231944444444 0.0671875 0.075
3 0.40703125 0.256944444444 0.0734375 0.0805555555556
3 0.45703125 0.222222222222 0.06875 0.0694444444444
3 0.649609375 0.240972222222 0.06328125 0.0680555555556
3 0.055859375 0.391666666667 0.11171875 0.211111111111
3 0.4921875 0.193055555556 0.040625 0.0527777777778
3 0.626953125 0.207638888889 0.05078125 0.0402777777778
3 0.614453125 0.181944444444 0.04609375 0.0361111111111
3 0.70703125 0.175694444444 0.0578125 0.0486111111111
3 0.659375 0.154166666667 0.0609375 0.0416666666667
2 0.69375 0.125 0.075 0.0333333333333
3 0.8125 0.194444444444 0.11875 0.177777777778
1 0.934765625 0.176388888889 0.06796875 0.0611111111111
3 0.5734375 0.161111111111 0.0484375 0.0444444444444
3 0.58359375 0.136805555556 0.0640625 0.0458333333333
3 0.534375 0.169444444444 0.040625 0.0472222222222
