0 0.70546875 0.347916666667 0.025 0.0958333333333
0 0.70625 0.307638888889 0.0234375 0.0791666666667
0 0.7734375 0.255555555556 0.0234375 0.0777777777778
0 0.926171875 0.267361111111 0.01953125 0.0736111111111
0 0.891796875 0.180555555556 0.01796875 0.0527777777778
3 0.759375 0.596527777778 0.1609375 0.193055555556
3 0.7265625 0.459027777778 0.1390625 0.143055555556
3 0.9359375 0.55 0.1125 0.169444444444
3 0.51015625 0.589583333333 0.15625 0.1875
3 0.508203125 0.393055555556 0.15546875 0.244444444444
3 0.471484375 0.833333333333 0.23828125 0.3
3 0.26796875 0.529166666667 0.1484375 0.166666666667
3 0.17890625 0.6875 0.175 0.211111111111
3 0.1296875 0.934722222222 0.259375 0.127777777778
2 0.35390625 0.205555555556 0.33125 0.127777777778
2 0.734765625 0.125 0.07421875 0.0527777777778
2 0.587109375 0.120833333333 0.07734375 0.0444444444444
2 0.823046875 0.133333333333 0.06328125 0.05
