0 0.657421875 0.38125 0.03203125 0.115277777778
0 0.752734375 0.361805555556 0.02890625 0.0763888888889
0 0.81015625 0.393055555556 0.0328125 0.105555555556
0 0.89453125 0.372916666667 0.0234375 0.1125
0 0.966796875 0.324305555556 0.02109375 0.0986111111111
0 0.796484375 0.252777777778 0.02578125 0.075
0 0.530859375 0.250694444444 0.02265625 0.0708333333333
3 0.507421875 0.590972222222 0.15078125 0.190277777778
3 0.473828125 0.84375 0.22265625 0.293055555556
3 0.269921875 0.520833333333 0.15234375 0.183333333333
3 0.188671875 0.758333333333 0.23828125 0.252777777778
3 0.509375 0.404861111111 0.1609375 0.268055555556
3 0.9375 0.554861111111 0.1140625 0.140277777778
3 0.73203125 0.472222222222 0.1359375 0.152777777778
3 0.666015625 0.224305555556 0.05546875 0.0652777777778
2 0.451953125 0.235416666667 0.12734375 0.0763888888889
2 0.264453125 0.218055555556 0.10703125 0.0833333333333
3 0.5578125 0.209027777778 0.0484375 0.0430555555556
3 0.475 0.201388888889 0.046875 0.0527777777778
3 0.657421875 0.160416666667 0.03984375 0.0458333333333
3 0.596875 0.178472222222 0.0390625 0.0430555555556
2 0.799609375 0.1375 0.07890625 0.0472222222222
2 0.890625 0.138194444444 0.075 0.0486111111111
3 0.590234375 0.0944444444444 0.13046875 0.0861111111111
3 0.522265625 0.178472222222 0.03671875 0.0430555555556
