0 0.361197916667 0.531481481481 0.0161458333333 0.0851851851852
0 0.378125 0.514814814815 0.021875 0.144444444444
0 0.63828125 0.246296296296 0.0130208333333 0.0481481481481
0 0.65703125 0.236111111111 0.0130208333333 0.05
0 0.58046875 0.201388888889 0.0119791666667 0.037962962963
0 0.0244791666667 0.831481481481 0.0489583333333 0.187037037037
1 0.465625 0.516666666667 0.102083333333 0.168518518519
1 0.73515625 0.681481481481 0.2234375 0.359259259259
3 0.736458333333 0.411574074074 0.105208333333 0.108333333333
3 0.598177083333 0.276388888889 0.0651041666667 0.062037037037
3 0.501822916667 0.212037037037 0.0348958333333 0.0407407407407
1 0.4078125 0.245833333333 0.0427083333333 0.0546296296296
1 0.31171875 0.221759259259 0.0286458333333 0.0398148148148
1 0.352604166667 0.220833333333 0.0291666666667 0.0342592592593
1 0.391145833333 0.212037037037 0.0239583333333 0.0407407407407
1 0.378645833333 0.196296296296 0.025 0.037037037037
1 0.334895833333 0.19212962963 0.0229166666667 0.0268518518519
3 0.439322916667 0.187037037037 0.0296875 0.0407407407407
3 0.442447916667 0.155092592593 0.0119791666667 0.0268518518519
3 0.428385416667 0.151388888889 0.0161458333333 0.0231481481481
