3 0.423032407407 0.425537109375 0.0991512345679 0.10986328125
3 0.596643518519 0.7451171875 0.460262345679 0.5078125
3 0.475308641975 0.289794921875 0.0563271604938 0.06787109375
0 0.907021604938 0.265625 0.0177469135802 0.052734375
0 0.686342592593 0.27001953125 0.0177469135802 0.0546875
0 0.596836419753 0.222412109375 0.0138888888889 0.04638671875
3 0.497492283951 0.235595703125 0.0443672839506 0.04833984375
3 0.517554012346 0.1962890625 0.0358796296296 0.037109375
1 0.420910493827 0.23876953125 0.0401234567901 0.0458984375
1 0.434799382716 0.216796875 0.0378086419753 0.041015625
1 0.386766975309 0.191162109375 0.0335648148148 0.03271484375
1 0.476273148148 0.167236328125 0.0219907407407 0.02978515625
1 0.443865740741 0.15283203125 0.022762345679 0.0234375
1 0.464313271605 0.140625 0.0181327160494 0.0205078125
1 0.487847222222 0.146240234375 0.0189043209877 0.01806640625
3 0.525462962963 0.1591796875 0.0200617283951 0.01953125
3 0.560185185185 0.1591796875 0.0354938271605 0.0546875
1 0.503858024691 0.128173828125 0.0138888888889 0.01611328125
1 0.491512345679 0.13330078125 0.016975308642 0.0185546875
1 0.527199074074 0.14697265625 0.0165895061728 0.017578125
1 0.534529320988 0.1376953125 0.0181327160494 0.017578125
1 0.514081790123 0.114501953125 0.0135030864198 0.01220703125
