0 0.697337962963 0.915283203125 0.0736882716049 0.15869140625
0 0.953510802469 0.511474609375 0.0358796296296 0.12060546875
0 0.876350308642 0.414794921875 0.0358796296296 0.11279296875
3 0.327160493827 0.63134765625 0.172067901235 0.25
3 0.773726851852 0.5771484375 0.378472222222 0.56640625
3 0.454282407407 0.281005859375 0.065200617284 0.07177734375
1 0.127507716049 0.55810546875 0.163966049383 0.1767578125
0 0.0125385802469 0.443603515625 0.0235339506173 0.11474609375
1 0.236882716049 0.265380859375 0.122685185185 0.16748046875
2 0.199652777778 0.19287109375 0.157021604938 0.08203125
0 0.631944444444 0.27978515625 0.0246913580247 0.0625
0 0.681134259259 0.275390625 0.0212191358025 0.0703125
0 0.650270061728 0.24658203125 0.0135030864198 0.052734375
3 0.545717592593 0.216796875 0.0891203703704 0.1181640625
3 0.458912037037 0.199462890625 0.039737654321 0.04541015625
3 0.48225308642 0.15625 0.0262345679012 0.033203125
3 0.451774691358 0.143798828125 0.0300925925926 0.02880859375
1 0.384837962963 0.178466796875 0.0343364197531 0.04443359375
1 0.346064814815 0.175048828125 0.0308641975309 0.03564453125
1 0.293016975309 0.179443359375 0.0358796296296 0.03564453125
1 0.313078703704 0.1572265625 0.0297067901235 0.0244140625
1 0.337191358025 0.14306640625 0.0246913580247 0.0224609375
1 0.380787037037 0.134521484375 0.0231481481481 0.02197265625
1 0.387924382716 0.117919921875 0.0189043209877 0.01904296875
1 0.351273148148 0.12109375 0.0219907407407 0.0244140625
1 0.365354938272 0.10888671875 0.0177469135802 0.017578125
1 0.407214506173 0.09033203125 0.0135030864198 0.015625
3 0.442515432099 0.11962890625 0.0200617283951 0.021484375
3 0.473765432099 0.106201171875 0.0308641975309 0.04638671875
3 0.514853395062 0.1044921875 0.0196759259259 0.0185546875
3 0.430362654321 0.099365234375 0.0150462962963 0.01611328125
3 0.446180555556 0.0908203125 0.0111882716049 0.015625
0 0.51099537037 0.135498046875 0.0096450617284 0.02978515625
