3 0.514660493827 0.508544921875 0.132716049383 0.22705078125
3 0.62075617284 0.303955078125 0.154320987654 0.21826171875
3 0.496720679012 0.287109375 0.0675154320988 0.083984375
3 0.851851851852 0.72607421875 0.295524691358 0.54296875
1 0.236689814815 0.379638671875 0.112268518519 0.10986328125
1 0.278935185185 0.249755859375 0.0594135802469 0.06396484375
1 0.361689814815 0.219970703125 0.048225308642 0.07177734375
0 0.132523148148 0.33154296875 0.0266203703704 0.0751953125
0 0.0108024691358 0.38427734375 0.0216049382716 0.0947265625
1 0.174575617284 0.185546875 0.0327932098765 0.03125
1 0.320601851852 0.205322265625 0.0408950617284 0.04345703125
1 0.342399691358 0.173583984375 0.0327932098765 0.03076171875
1 0.358024691358 0.1591796875 0.0270061728395 0.0244140625
3 0.454475308642 0.208984375 0.0470679012346 0.0478515625
3 0.457175925926 0.16796875 0.0324074074074 0.0341796875
3 0.484567901235 0.155029296875 0.0277777777778 0.02978515625
3 0.537229938272 0.182861328125 0.0775462962963 0.11279296875
3 0.468171296296 0.135009765625 0.0250771604938 0.02197265625
3 0.462770061728 0.125732421875 0.0196759259259 0.02294921875
3 0.449266975309 0.11767578125 0.0181327160494 0.0205078125
3 0.514660493827 0.104736328125 0.016975308642 0.02197265625
3 0.433641975309 0.10791015625 0.0138888888889 0.0185546875
1 0.401234567901 0.1484375 0.025462962963 0.033203125
1 0.405092592593 0.12890625 0.0347222222222 0.037109375
1 0.369791666667 0.138916015625 0.0235339506173 0.02783203125
1 0.346257716049 0.12109375 0.0320216049383 0.0498046875
3 0.494212962963 0.10009765625 0.0223765432099 0.021484375
