1 0.728385416667 0.863888888889 0.2578125 0.268518518519
1 0.607552083333 0.514814814815 0.118229166667 0.168518518519
1 0.418489583333 0.437962962963 0.0942708333333 0.12962962963
1 0.471614583333 0.35 0.0682291666667 0.0962962962963
1 0.359114583333 0.303240740741 0.0421875 0.0657407407407
1 0.3578125 0.240740740741 0.0270833333333 0.0518518518519
1 0.311458333333 0.224537037037 0.025 0.037962962963
1 0.37578125 0.212962962963 0.0265625 0.0351851851852
1 0.341145833333 0.206944444444 0.021875 0.0305555555556
3 0.621354166667 0.306481481481 0.0770833333333 0.0796296296296
2 0.930208333333 0.588888888889 0.138541666667 0.177777777778
0 0.785677083333 0.284259259259 0.0130208333333 0.05
0 0.651302083333 0.227777777778 0.0130208333333 0.0444444444444
0 0.346875 0.531481481481 0.03125 0.138888888889
3 0.445052083333 0.165740740741 0.0171875 0.0203703703704
3 0.42890625 0.156018518519 0.0171875 0.025
3 0.440364583333 0.153240740741 0.0161458333333 0.0268518518519
1 0.33125 0.180092592593 0.0177083333333 0.0231481481481
