0 0.25887345679 0.447265625 0.0324074074074 0.1171875
0 0.321759259259 0.3525390625 0.0300925925926 0.08203125
0 0.325617283951 0.300537109375 0.0223765432099 0.06591796875
0 0.713541666667 0.3857421875 0.0297067901235 0.095703125
0 0.804976851852 0.407470703125 0.0297067901235 0.09228515625
0 0.838348765432 0.268310546875 0.0146604938272 0.06201171875
0 0.853202160494 0.263916015625 0.0165895061728 0.05615234375
3 0.536458333333 0.30908203125 0.068287037037 0.0732421875
1 0.239776234568 0.2861328125 0.0659722222222 0.068359375
1 0.309220679012 0.236083984375 0.048225308642 0.04931640625
1 0.364776234568 0.241943359375 0.0520833333333 0.05224609375
1 0.424189814815 0.23876953125 0.0466820987654 0.0546875
1 0.386959876543 0.221435546875 0.033950617284 0.04052734375
1 0.373070987654 0.187255859375 0.0324074074074 0.04150390625
1 0.40162037037 0.202880859375 0.0316358024691 0.02880859375
1 0.409529320988 0.18994140625 0.0366512345679 0.0322265625
1 0.438078703704 0.220458984375 0.0374228395062 0.04150390625
1 0.455054012346 0.203857421875 0.0351080246914 0.04638671875
1 0.43287037037 0.169921875 0.0293209876543 0.02734375
1 0.467399691358 0.186767578125 0.0320216049383 0.02978515625
1 0.47974537037 0.166015625 0.0289351851852 0.03515625
3 0.511574074074 0.217529296875 0.0401234567901 0.04345703125
3 0.557291666667 0.171875 0.0250771604938 0.02734375
3 0.522955246914 0.16259765625 0.0219907407407 0.021484375
3 0.54899691358 0.150634765625 0.0216049382716 0.02294921875
3 0.527970679012 0.146728515625 0.0165895061728 0.01806640625
3 0.528356481481 0.134521484375 0.014274691358 0.01123046875
3 0.553047839506 0.118408203125 0.0111882716049 0.01416015625
3 0.550154320988 0.13525390625 0.0162037037037 0.0146484375
3 0.534529320988 0.119873046875 0.014274691358 0.01318359375
