3 0.525462962963 0.591796875 0.141975308642 0.2255859375
3 0.327160493827 0.621337890625 0.16049382716 0.19384765625
3 0.492283950617 0.8642578125 0.182098765432 0.2578125
3 0.200617283951 0.943603515625 0.244598765432 0.11181640625
0 0.930555555556 0.477294921875 0.0362654320988 0.14013671875
2 0.572530864198 0.336181640625 0.141975308642 0.07470703125
2 0.890817901235 0.329345703125 0.166666666667 0.08837890625
2 0.567708333333 0.297119140625 0.125385802469 0.05810546875
1 0.312692901235 0.28515625 0.0636574074074 0.0732421875
1 0.255401234568 0.274169921875 0.0555555555556 0.06396484375
1 0.446566358025 0.2607421875 0.0675154320988 0.0751953125
1 0.384259259259 0.220703125 0.0416666666667 0.0439453125
0 0.720100308642 0.269287109375 0.022762345679 0.06884765625
2 0.711805555556 0.22998046875 0.101851851852 0.056640625
3 0.555555555556 0.19287109375 0.0316358024691 0.03515625
0 0.619020061728 0.266357421875 0.0181327160494 0.05810546875
1 0.423032407407 0.181396484375 0.0304783950617 0.03271484375
1 0.495563271605 0.141845703125 0.0173611111111 0.01806640625
3 0.531057098765 0.16357421875 0.0219907407407 0.0263671875
0 0.57349537037 0.16650390625 0.0104166666667 0.02734375
3 0.546296296296 0.131591796875 0.0138888888889 0.01806640625
1 0.469328703704 0.128662109375 0.0304783950617 0.04052734375
1 0.516203703704 0.112548828125 0.0108024691358 0.01318359375
1 0.499807098765 0.129638671875 0.0135030864198 0.01513671875
3 0.538773148148 0.12451171875 0.0127314814815 0.013671875
1 0.505015432099 0.1171875 0.0123456790123 0.0185546875
1 0.496527777778 0.123291015625 0.0108024691358 0.01416015625
