3 0.423611111111 0.398681640625 0.100308641975 0.10205078125
3 0.498263888889 0.26513671875 0.0613425925926 0.064453125
0 0.668209876543 0.271484375 0.016975308642 0.0615234375
0 0.70736882716 0.274169921875 0.0219907407407 0.05810546875
1 0.0451388888889 0.480224609375 0.0856481481481 0.15576171875
1 0.421103395062 0.236572265625 0.0405092592593 0.04638671875
1 0.373263888889 0.235595703125 0.048225308642 0.04931640625
1 0.31674382716 0.233154296875 0.045524691358 0.04345703125
1 0.389853395062 0.1865234375 0.0235339506173 0.03125
1 0.407214506173 0.196533203125 0.0374228395062 0.03564453125
1 0.435956790123 0.220947265625 0.0385802469136 0.03857421875
1 0.449459876543 0.20263671875 0.0324074074074 0.0478515625
1 0.464699074074 0.186767578125 0.0304783950617 0.03857421875
1 0.480902777778 0.161865234375 0.0266203703704 0.03076171875
3 0.549382716049 0.189208984375 0.0316358024691 0.03369140625
3 0.526041666667 0.1513671875 0.0196759259259 0.0224609375
3 0.55111882716 0.149169921875 0.0181327160494 0.02294921875
1 0.500385802469 0.124267578125 0.0223765432099 0.03271484375
1 0.477816358025 0.13134765625 0.0158179012346 0.0185546875
3 0.529706790123 0.13427734375 0.0138888888889 0.0205078125
