0 0.140625 0.520833333333 0.0270833333333 0.121296296296
0 0.348177083333 0.531481481481 0.0296875 0.138888888889
0 0.70390625 0.24537037037 0.0140625 0.0425925925926
0 0.603385416667 0.208333333333 0.0130208333333 0.0407407407407
1 0.484375 0.633333333333 0.126041666667 0.227777777778
1 0.730208333333 0.800462962963 0.233333333333 0.34537037037
1 0.552604166667 0.377777777778 0.0958333333333 0.133333333333
1 0.392447916667 0.32962962963 0.0598958333333 0.0944444444444
1 0.454947916667 0.293055555556 0.0567708333333 0.0898148148148
1 0.358854166667 0.236111111111 0.0291666666667 0.0425925925926
1 0.3125 0.225462962963 0.0260416666667 0.0398148148148
3 0.6328125 0.32962962963 0.071875 0.0796296296296
3 0.92265625 0.454166666667 0.136979166667 0.115740740741
3 0.604166666667 0.262962962963 0.059375 0.0425925925926
1 0.351041666667 0.191666666667 0.0302083333333 0.0314814814815
3 0.374479166667 0.174537037037 0.0260416666667 0.0231481481481
3 0.427864583333 0.155092592593 0.0151041666667 0.0231481481481
3 0.44140625 0.151388888889 0.0140625 0.0231481481481
3 0.44921875 0.163425925926 0.0119791666667 0.0287037037037
0 0.53046875 0.185648148148 0.00989583333333 0.0305555555556
