0 0.857552083333 0.406481481481 0.0213541666667 0.0944444444444
0 0.848697916667 0.417592592593 0.0130208333333 0.05
0 0.678385416667 0.271759259259 0.0171875 0.0527777777778
1 0.678645833333 0.45787037037 0.158333333333 0.126851851852
1 0.52109375 0.3625 0.0890625 0.102777777778
1 0.436979166667 0.310185185185 0.0552083333333 0.0796296296296
1 0.382291666667 0.212962962963 0.0260416666667 0.0388888888889
1 0.3125 0.226388888889 0.025 0.037962962963
1 0.352604166667 0.187037037037 0.0270833333333 0.037037037037
1 0.394791666667 0.177314814815 0.03125 0.0324074074074
3 0.450260416667 0.1625 0.0140625 0.0194444444444
3 0.426822916667 0.153240740741 0.0171875 0.0194444444444
3 0.443489583333 0.15787037037 0.0151041666667 0.0287037037037
