1 0.713020833333 0.672685185185 0.180208333333 0.256481481481
1 0.472395833333 0.56712962963 0.123958333333 0.202777777778
1 0.502083333333 0.397685185185 0.0833333333333 0.115740740741
1 0.37421875 0.34537037037 0.0578125 0.0833333333333
1 0.3640625 0.266203703704 0.0333333333333 0.0601851851852
1 0.383333333333 0.225462962963 0.0260416666667 0.0361111111111
1 0.313020833333 0.225462962963 0.0302083333333 0.037962962963
1 0.344270833333 0.219444444444 0.021875 0.037037037037
1 0.364322916667 0.191203703704 0.0223958333333 0.025
1 0.322135416667 0.190740740741 0.0203125 0.0296296296296
3 0.55546875 0.266203703704 0.0578125 0.0601851851852
3 0.43046875 0.15787037037 0.0151041666667 0.025
3 0.441927083333 0.151388888889 0.0151041666667 0.0231481481481
3 0.449739583333 0.163425925926 0.0171875 0.0175925925926
0 0.3453125 0.532407407407 0.0322916666667 0.144444444444
0 0.772916666667 0.278703703704 0.0135416666667 0.05
0 0.643489583333 0.226851851852 0.0119791666667 0.0425925925926
