0 0.0611979166667 0.710648148148 0.0390625 0.193518518519
0 0.85234375 0.403240740741 0.0151041666667 0.0601851851852
0 0.866666666667 0.390740740741 0.01875 0.0925925925926
0 0.722395833333 0.291203703704 0.01875 0.0564814814815
0 0.52890625 0.181944444444 0.0109375 0.037962962963
1 0.81640625 0.510185185185 0.177604166667 0.153703703704
1 0.573177083333 0.397685185185 0.115104166667 0.115740740741
1 0.445833333333 0.321759259259 0.059375 0.0787037037037
1 0.390625 0.222222222222 0.0291666666667 0.0425925925926
1 0.3125 0.222685185185 0.0270833333333 0.0416666666667
1 0.366145833333 0.190740740741 0.021875 0.0407407407407
3 0.388802083333 0.176388888889 0.0307291666667 0.0268518518519
3 0.449479166667 0.164351851852 0.0177083333333 0.0231481481481
3 0.442447916667 0.155092592593 0.0182291666667 0.0305555555556
3 0.428385416667 0.155092592593 0.0203125 0.0231481481481
0 0.59453125 0.200462962963 0.0140625 0.0398148148148
