3 0.242091049383 0.865478515625 0.262731481481 0.26708984375
3 0.428240740741 0.374267578125 0.0810185185185 0.09912109375
3 0.491705246914 0.252197265625 0.0412808641975 0.05322265625
0 0.138888888889 0.255859375 0.0123456790123 0.033203125
1 0.27025462963 0.284423828125 0.0613425925926 0.06201171875
1 0.421489197531 0.2392578125 0.0443672839506 0.0478515625
1 0.434606481481 0.21875 0.0389660493827 0.0458984375
1 0.389853395062 0.188720703125 0.0351080246914 0.03271484375
1 0.463348765432 0.186279296875 0.0308641975309 0.03759765625
1 0.425925925926 0.166015625 0.0270061728395 0.03125
1 0.471257716049 0.164794921875 0.0243055555556 0.02294921875
1 0.490547839506 0.143310546875 0.0189043209877 0.01806640625
1 0.460841049383 0.154541015625 0.022762345679 0.02392578125
1 0.506172839506 0.125 0.0123456790123 0.0166015625
3 0.512924382716 0.20751953125 0.0281635802469 0.033203125
3 0.517361111111 0.1806640625 0.0246913580247 0.0234375
3 0.524691358025 0.160400390625 0.0216049382716 0.02392578125
3 0.528742283951 0.141845703125 0.0150462962963 0.01708984375
3 0.535108024691 0.12060546875 0.0162037037037 0.0234375
3 0.55574845679 0.138427734375 0.0273919753086 0.04833984375
0 0.687114197531 0.2685546875 0.0154320987654 0.056640625
0 0.731867283951 0.271728515625 0.0192901234568 0.05908203125
3 0.558641975309 0.3134765625 0.114969135802 0.2294921875
