0 0.220486111111 0.69775390625 0.048225308642 0.1787109375
0 0.416280864198 0.49267578125 0.0470679012346 0.125
0 0.465277777778 0.47265625 0.0408950617284 0.140625
0 0.668402777778 0.475830078125 0.0351080246914 0.10986328125
0 0.27700617284 0.41845703125 0.0408950617284 0.111328125
0 0.351273148148 0.397216796875 0.0273919753086 0.12353515625
0 0.38387345679 0.405517578125 0.0324074074074 0.10986328125
0 0.467592592593 0.323974609375 0.0239197530864 0.09912109375
0 0.38387345679 0.297119140625 0.025462962963 0.08837890625
0 0.330825617284 0.2431640625 0.022762345679 0.0654296875
0 0.35474537037 0.23681640625 0.0204475308642 0.0625
0 0.541666666667 0.24072265625 0.0277777777778 0.0576171875
3 0.537615740741 0.63818359375 0.161651234568 0.2001953125
3 0.327932098765 0.630615234375 0.154320987654 0.24560546875
3 0.835648148148 0.713134765625 0.320987654321 0.57275390625
2 0.172453703704 0.205322265625 0.0810185185185 0.05810546875
1 0.296489197531 0.170166015625 0.0343364197531 0.03857421875
1 0.346643518519 0.176025390625 0.0297067901235 0.03662109375
1 0.39274691358 0.169677734375 0.0316358024691 0.03564453125
1 0.393711419753 0.1455078125 0.0304783950617 0.0244140625
1 0.357060185185 0.1640625 0.0281635802469 0.029296875
1 0.368055555556 0.1376953125 0.0200617283951 0.0263671875
1 0.383487654321 0.122314453125 0.0192901234568 0.02392578125
1 0.353395061728 0.131103515625 0.0208333333333 0.02099609375
1 0.377507716049 0.10498046875 0.0219907407407 0.015625
0 0.574266975309 0.208251953125 0.014274691358 0.04931640625
0 0.58912037037 0.218505859375 0.0162037037037 0.04541015625
0 0.530092592593 0.1591796875 0.0146604938272 0.0341796875
0 0.514274691358 0.150634765625 0.0100308641975 0.03466796875
3 0.436728395062 0.1103515625 0.0331790123457 0.0458984375
3 0.470100308642 0.109375 0.0297067901235 0.048828125
3 0.515817901235 0.103515625 0.0192901234568 0.017578125
3 0.494212962963 0.099365234375 0.0216049382716 0.02197265625
