3 0.518325617284 0.714599609375 0.161651234568 0.24853515625
3 0.80150462963 0.680908203125 0.390817901235 0.63330078125
3 0.48861882716 0.325439453125 0.0806327160494 0.09912109375
0 0.871913580247 0.42236328125 0.0347222222222 0.1279296875
0 0.800540123457 0.3984375 0.0246913580247 0.0693359375
1 0.0584490740741 0.736083984375 0.116898148148 0.31298828125
0 0.014274691358 0.454833984375 0.028549382716 0.15087890625
1 0.119791666667 0.427978515625 0.128472222222 0.14794921875
1 0.278935185185 0.344970703125 0.0717592592593 0.09326171875
1 0.198688271605 0.3291015625 0.0817901234568 0.08203125
1 0.334683641975 0.27587890625 0.0690586419753 0.080078125
1 0.269675925926 0.263427734375 0.0740740740741 0.08642578125
1 0.300154320988 0.2138671875 0.0524691358025 0.05078125
1 0.367669753086 0.21875 0.045524691358 0.052734375
1 0.370177469136 0.189697265625 0.0474537037037 0.03466796875
2 0.147955246914 0.224609375 0.0783179012346 0.04296875
1 0.174382716049 0.184326171875 0.0300925925926 0.03271484375
1 0.23649691358 0.1953125 0.0563271604938 0.0390625
0 0.679012345679 0.278076171875 0.0200617283951 0.07275390625
0 0.568094135802 0.236328125 0.0181327160494 0.0537109375
0 0.548032407407 0.20703125 0.0196759259259 0.0498046875
0 0.576388888889 0.197998046875 0.0162037037037 0.04541015625
0 0.648533950617 0.251708984375 0.0231481481481 0.06591796875
3 0.466435185185 0.23681640625 0.0486111111111 0.0634765625
3 0.473958333333 0.19384765625 0.0428240740741 0.041015625
3 0.454089506173 0.144775390625 0.025462962963 0.02392578125
3 0.506365740741 0.15185546875 0.0582561728395 0.0751953125
3 0.451195987654 0.1162109375 0.022762345679 0.0185546875
3 0.514081790123 0.105712890625 0.0204475308642 0.01708984375
1 0.357060185185 0.14111328125 0.0459104938272 0.068359375
1 0.320987654321 0.1376953125 0.0424382716049 0.0576171875
1 0.289930555556 0.1767578125 0.0358796296296 0.033203125
1 0.384452160494 0.1337890625 0.0196759259259 0.0244140625
1 0.389853395062 0.11865234375 0.0196759259259 0.021484375
1 0.400270061728 0.102783203125 0.0189043209877 0.01318359375
1 0.37924382716 0.0986328125 0.0162037037037 0.0146484375
1 0.400270061728 0.093994140625 0.0135030864198 0.01416015625
3 0.490354938272 0.095947265625 0.0185185185185 0.01708984375
3 0.440393518519 0.09765625 0.0165895061728 0.0185546875
3 0.451774691358 0.09130859375 0.016975308642 0.0205078125
3 0.428240740741 0.08349609375 0.0115740740741 0.01171875
