0 0.825038580247 0.879150390625 0.0736882716049 0.21826171875
0 0.473572530864 0.4521484375 0.0505401234568 0.126953125
0 0.635802469136 0.464111328125 0.0447530864198 0.12353515625
0 0.707561728395 0.480224609375 0.0362654320988 0.11572265625
0 0.21450617284 0.47119140625 0.033950617284 0.125
0 0.198302469136 0.40234375 0.0300925925926 0.1005859375
0 0.0256558641975 0.41845703125 0.0351080246914 0.1025390625
0 0.494020061728 0.232421875 0.0266203703704 0.0625
0 0.615354938272 0.265869140625 0.0277777777778 0.07470703125
0 0.161458333333 0.3017578125 0.0335648148148 0.0791015625
3 0.537615740741 0.850341796875 0.200231481481 0.29150390625
0 0.138310185185 0.232177734375 0.014274691358 0.05224609375
1 0.287229938272 0.180419921875 0.0420524691358 0.03564453125
1 0.17399691358 0.185546875 0.0331790123457 0.0341796875
1 0.35474537037 0.166748046875 0.0297067901235 0.03955078125
1 0.358603395062 0.146728515625 0.0335648148148 0.04638671875
1 0.400848765432 0.1416015625 0.025462962963 0.025390625
1 0.334297839506 0.1416015625 0.0235339506173 0.025390625
1 0.395833333333 0.108154296875 0.0162037037037 0.02001953125
1 0.383101851852 0.103515625 0.0138888888889 0.0166015625
3 0.467013888889 0.116455078125 0.0374228395062 0.05419921875
0 0.507523148148 0.12890625 0.0119598765432 0.02734375
3 0.515046296296 0.10498046875 0.0192901234568 0.021484375
3 0.444058641975 0.086181640625 0.0146604938272 0.01318359375
1 0.406828703704 0.08935546875 0.0119598765432 0.01171875
3 0.451195987654 0.076904296875 0.0158179012346 0.01806640625
