1 0.513888888889 0.596435546875 0.124228395062 0.22900390625
3 0.338541666667 0.604736328125 0.144675925926 0.19384765625
3 0.507137345679 0.90087890625 0.197145061728 0.197265625
3 0.225308641975 0.863525390625 0.248456790123 0.27197265625
2 0.859375 0.325439453125 0.180941358025 0.13232421875
2 0.709297839506 0.307861328125 0.121527777778 0.10107421875
2 0.956597222222 0.3212890625 0.0860339506173 0.08203125
1 0.502700617284 0.290283203125 0.079475308642 0.07470703125
1 0.206597222222 0.3642578125 0.0806327160494 0.0947265625
1 0.0395447530864 0.479736328125 0.0790895061728 0.20751953125
0 0.842592592593 0.4091796875 0.0316358024691 0.111328125
1 0.268132716049 0.27392578125 0.0555555555556 0.05859375
1 0.311342592593 0.238037109375 0.0447530864198 0.04736328125
1 0.375964506173 0.26611328125 0.0536265432099 0.056640625
1 0.439814814815 0.255859375 0.0570987654321 0.0498046875
1 0.380015432099 0.222900390625 0.0447530864198 0.04345703125
1 0.440586419753 0.2138671875 0.0432098765432 0.0439453125
3 0.573302469136 0.204833984375 0.0331790123457 0.04052734375
1 0.459297839506 0.192138671875 0.0351080246914 0.04150390625
1 0.41087962963 0.19775390625 0.0293209876543 0.033203125
1 0.370177469136 0.194580078125 0.0335648148148 0.04443359375
1 0.391975308642 0.186767578125 0.0200617283951 0.02880859375
1 0.449266975309 0.14892578125 0.0196759259259 0.0205078125
3 0.541859567901 0.121826171875 0.0127314814815 0.01513671875
1 0.51774691358 0.10595703125 0.0100308641975 0.01171875
1 0.527777777778 0.096435546875 0.0108024691358 0.01611328125
