3 0.260223765432 0.79296875 0.209490740741 0.271484375
3 0.49537037037 0.500244140625 0.132716049383 0.18603515625
3 0.541859567901 0.31787109375 0.0929783950617 0.166015625
1 0.18074845679 0.37890625 0.110725308642 0.1416015625
0 0.90162037037 0.40576171875 0.0385802469136 0.09765625
0 0.135030864198 0.289306640625 0.0154320987654 0.06005859375
3 0.470293209877 0.292724609375 0.0586419753086 0.07080078125
1 0.339891975309 0.263671875 0.0516975308642 0.0556640625
1 0.42399691358 0.2373046875 0.0470679012346 0.0546875
1 0.334297839506 0.2275390625 0.0443672839506 0.041015625
3 0.490547839506 0.2412109375 0.0505401234568 0.044921875
1 0.421489197531 0.172607421875 0.0273919753086 0.02587890625
1 0.476466049383 0.170654296875 0.0246913580247 0.02685546875
1 0.445987654321 0.156982421875 0.0216049382716 0.02294921875
1 0.490354938272 0.15771484375 0.0192901234568 0.02734375
1 0.467399691358 0.139404296875 0.0181327160494 0.02685546875
3 0.561535493827 0.234130859375 0.0381944444444 0.03857421875
3 0.543209876543 0.22119140625 0.033950617284 0.033203125
3 0.546489197531 0.197998046875 0.0335648148148 0.03173828125
3 0.511766975309 0.185302734375 0.0289351851852 0.03076171875
3 0.520833333333 0.164794921875 0.0231481481481 0.02783203125
3 0.547260802469 0.1650390625 0.0266203703704 0.03515625
1 0.496913580247 0.138671875 0.0162037037037 0.017578125
3 0.526427469136 0.14208984375 0.0150462962963 0.017578125
3 0.555169753086 0.14453125 0.0162037037037 0.0185546875
3 0.53337191358 0.129638671875 0.0127314814815 0.01416015625
1 0.490933641975 0.125244140625 0.0127314814815 0.01513671875
1 0.5 0.1181640625 0.0138888888889 0.015625
1 0.514274691358 0.114990234375 0.0123456790123 0.01318359375
0 0.567708333333 0.182373046875 0.0111882716049 0.03173828125
0 0.574845679012 0.1494140625 0.00925925925926 0.0263671875
