3 0.530671296296 0.596923828125 0.140817901235 0.22412109375
3 0.493634259259 0.862548828125 0.189429012346 0.26416015625
3 0.328317901235 0.623046875 0.162808641975 0.1845703125
3 0.207947530864 0.945068359375 0.261574074074 0.10888671875
1 0.0318287037037 0.5390625 0.0636574074074 0.1689453125
0 0.928819444444 0.477783203125 0.0374228395062 0.13916015625
1 0.218557098765 0.301025390625 0.0744598765432 0.08349609375
2 0.464313271605 0.30712890625 0.113040123457 0.0751953125
1 0.363425925926 0.277099609375 0.0516975308642 0.06103515625
2 0.626350308642 0.306640625 0.140817901235 0.0712890625
2 0.834490740741 0.330810546875 0.162037037037 0.09619140625
0 0.667438271605 0.26220703125 0.0177469135802 0.0517578125
0 0.481288580247 0.251953125 0.0158179012346 0.052734375
1 0.429012345679 0.243896484375 0.0509259259259 0.06787109375
1 0.374228395062 0.225830078125 0.0447530864198 0.04931640625
0 0.403742283951 0.2041015625 0.0127314814815 0.0361328125
1 0.372106481481 0.19287109375 0.0381944444444 0.044921875
1 0.45775462963 0.1982421875 0.0351080246914 0.0380859375
3 0.608024691358 0.217529296875 0.0570987654321 0.04345703125
3 0.546489197531 0.193359375 0.0358796296296 0.033203125
0 0.584297839506 0.17431640625 0.0119598765432 0.033203125
1 0.438850308642 0.1640625 0.0235339506173 0.021484375
1 0.478395061728 0.16357421875 0.0208333333333 0.029296875
1 0.464699074074 0.180908203125 0.0266203703704 0.02490234375
1 0.492283950617 0.143798828125 0.0185185185185 0.01611328125
1 0.495563271605 0.131103515625 0.0173611111111 0.01513671875
1 0.461033950617 0.152099609375 0.0192901234568 0.01806640625
3 0.540316358025 0.116455078125 0.0127314814815 0.01416015625
1 0.504436728395 0.10498046875 0.0181327160494 0.025390625
