3 0.527777777778 0.591064453125 0.132716049383 0.22119140625
3 0.330054012346 0.625244140625 0.166280864198 0.18017578125
3 0.494212962963 0.858642578125 0.195216049383 0.27783203125
3 0.202546296296 0.945068359375 0.243827160494 0.10888671875
0 0.931712962963 0.475830078125 0.0408950617284 0.12548828125
0 0.523726851852 0.303955078125 0.0250771604938 0.06884765625
1 0.0661651234568 0.416259765625 0.130015432099 0.16748046875
2 0.677469135802 0.310302734375 0.135030864198 0.07275390625
2 0.826388888889 0.248779296875 0.10262345679 0.05029296875
0 0.728202160494 0.269287109375 0.0158179012346 0.05712890625
0 0.655285493827 0.2607421875 0.0181327160494 0.048828125
0 0.481867283951 0.254638671875 0.0154320987654 0.05810546875
0 0.589891975309 0.206787109375 0.0138888888889 0.03662109375
0 0.570023148148 0.143310546875 0.00887345679012 0.02587890625
1 0.447530864198 0.272216796875 0.0686728395062 0.06201171875
1 0.344328703704 0.25439453125 0.0489969135802 0.05078125
1 0.41724537037 0.24267578125 0.0428240740741 0.046875
1 0.383680555556 0.2236328125 0.0381944444444 0.0361328125
1 0.441936728395 0.208984375 0.0366512345679 0.04296875
1 0.41512345679 0.197509765625 0.0308641975309 0.03759765625
1 0.396990740741 0.18603515625 0.028549382716 0.0322265625
1 0.448688271605 0.1728515625 0.0308641975309 0.02734375
1 0.451774691358 0.158203125 0.0246913580247 0.0185546875
3 0.55825617284 0.21484375 0.0524691358025 0.0458984375
3 0.543209876543 0.151611328125 0.0192901234568 0.02490234375
3 0.534143518519 0.1416015625 0.0173611111111 0.017578125
1 0.488233024691 0.115966796875 0.0212191358025 0.02978515625
1 0.512924382716 0.120849609375 0.0150462962963 0.01416015625
