3 0.251171875 0.578472222222 0.16484375 0.1875
3 0.53984375 0.720833333333 0.2 0.255555555556
3 0.490234375 0.452777777778 0.13046875 0.147222222222
3 0.623828125 0.397916666667 0.11484375 0.123611111111
3 0.721484375 0.498611111111 0.14453125 0.211111111111
3 0.899609375 0.8125 0.19921875 0.297222222222
3 0.36796875 0.359722222222 0.1203125 0.144444444444
3 0.3828125 0.285416666667 0.103125 0.0986111111111
3 0.504296875 0.234722222222 0.09296875 0.147222222222
3 0.632421875 0.209722222222 0.06171875 0.0638888888889
3 0.59453125 0.177083333333 0.0484375 0.0513888888889
3 0.734765625 0.286111111111 0.05859375 0.075
3 0.859375 0.320833333333 0.1984375 0.347222222222
3 0.740234375 0.196527777778 0.07890625 0.134722222222
3 0.66015625 0.1625 0.053125 0.0666666666667
2 0.16640625 0.249305555556 0.1765625 0.104166666667
2 0.223046875 0.236111111111 0.12890625 0.0888888888889
3 0.52421875 0.146527777778 0.0421875 0.0597222222222
2 0.63984375 0.128472222222 0.06875 0.0319444444444
