0 0.891975308642 0.4453125 0.0385802469136 0.1279296875
1 0.263888888889 0.356201171875 0.0895061728395 0.10205078125
0 0.0472608024691 0.32080078125 0.0258487654321 0.064453125
2 0.0663580246914 0.227294921875 0.0887345679012 0.04931640625
1 0.173804012346 0.185546875 0.03125 0.0380859375
1 0.366705246914 0.219970703125 0.0474537037037 0.05029296875
1 0.29899691358 0.227294921875 0.054012345679 0.04931640625
1 0.255208333333 0.1748046875 0.109182098765 0.083984375
1 0.338541666667 0.194091796875 0.0358796296296 0.04150390625
1 0.390046296296 0.173583984375 0.0293209876543 0.03466796875
1 0.351658950617 0.16650390625 0.0297067901235 0.03125
1 0.39737654321 0.154296875 0.0231481481481 0.025390625
1 0.403935185185 0.142333984375 0.025462962963 0.02490234375
1 0.312692901235 0.166259765625 0.0219907407407 0.03857421875
1 0.361111111111 0.1533203125 0.0262345679012 0.02734375
1 0.373263888889 0.131591796875 0.0250771604938 0.02685546875
0 0.00868055555556 0.439208984375 0.0158179012346 0.10595703125
3 0.503665123457 0.32763671875 0.0690586419753 0.095703125
0 0.657214506173 0.25439453125 0.0235339506173 0.060546875
0 0.599151234568 0.207763671875 0.0162037037037 0.05029296875
3 0.488811728395 0.265625 0.0609567901235 0.0556640625
3 0.495563271605 0.214111328125 0.0520833333333 0.05810546875
3 0.486111111111 0.180419921875 0.0385802469136 0.03564453125
3 0.483217592593 0.15234375 0.0304783950617 0.0283203125
0 0.555169753086 0.18017578125 0.0138888888889 0.0380859375
0 0.456404320988 0.135498046875 0.0231481481481 0.02294921875
0 0.447337962963 0.12548828125 0.0243055555556 0.021484375
0 0.471450617284 0.10595703125 0.0316358024691 0.04296875
0 0.514274691358 0.102294921875 0.0200617283951 0.01904296875
0 0.430555555556 0.087158203125 0.0123456790123 0.01513671875
