0 0.668402777778 0.375732421875 0.0351080246914 0.09619140625
1 0.156057098765 0.323974609375 0.194058641975 0.19970703125
1 0.421103395062 0.239990234375 0.0412808641975 0.04931640625
1 0.369212962963 0.2412109375 0.0447530864198 0.0458984375
1 0.306134259259 0.244384765625 0.0489969135802 0.05224609375
1 0.333719135802 0.227294921875 0.0378086419753 0.04248046875
1 0.435570987654 0.219970703125 0.037037037037 0.04052734375
1 0.449652777778 0.2041015625 0.039737654321 0.0439453125
1 0.395640432099 0.2138671875 0.0405092592593 0.044921875
1 0.465084876543 0.18701171875 0.0327932098765 0.03515625
1 0.472415123457 0.173828125 0.0289351851852 0.03125
1 0.4375 0.167724609375 0.0216049382716 0.02685546875
1 0.456983024691 0.153564453125 0.0212191358025 0.02294921875
1 0.411265432099 0.18310546875 0.0385802469136 0.05078125
1 0.375771604938 0.184814453125 0.033950617284 0.04638671875
1 0.492476851852 0.14501953125 0.0219907407407 0.0263671875
1 0.474537037037 0.132568359375 0.0154320987654 0.01904296875
1 0.456018518519 0.14453125 0.016975308642 0.0166015625
1 0.502893518519 0.126220703125 0.0165895061728 0.01806640625
3 0.532214506173 0.13134765625 0.0173611111111 0.021484375
3 0.553240740741 0.129638671875 0.0154320987654 0.01513671875
3 0.538387345679 0.116943359375 0.0111882716049 0.01220703125
