0 0.184375 0.380092592593 0.01875 0.0787037037037
0 0.4984375 0.499074074074 0.0177083333333 0.087037037037
0 0.516145833333 0.486574074074 0.0270833333333 0.123148148148
0 0.7453125 0.30462962963 0.0166666666667 0.0555555555556
0 0.64609375 0.224537037037 0.00885416666667 0.037962962963
0 0.511979166667 0.179166666667 0.009375 0.0398148148148
1 0.36015625 0.314351851852 0.0421875 0.0712962962963
1 0.544010416667 0.376388888889 0.106770833333 0.113888888889
3 0.816927083333 0.439351851852 0.122395833333 0.110185185185
1 0.4359375 0.269907407407 0.0427083333333 0.0601851851852
1 0.405208333333 0.226851851852 0.0322916666667 0.0425925925926
1 0.31171875 0.223611111111 0.0255208333333 0.0398148148148
1 0.366145833333 0.214814814815 0.0260416666667 0.0351851851852
1 0.366145833333 0.191666666667 0.0239583333333 0.0314814814815
3 0.488541666667 0.225 0.0322916666667 0.0462962962963
3 0.457291666667 0.197685185185 0.0239583333333 0.0342592592593
3 0.44453125 0.179166666667 0.0234375 0.025
3 0.387239583333 0.177314814815 0.0317708333333 0.025
3 0.44140625 0.154166666667 0.0140625 0.025
3 0.426302083333 0.152314814815 0.0161458333333 0.025
0 0.330208333333 0.22037037037 0.0125 0.0388888888889
