3 0.533950617284 0.64208984375 0.149691358025 0.1982421875
3 0.323688271605 0.62841796875 0.162808641975 0.23828125
0 0.869020061728 0.531494140625 0.048225308642 0.15380859375
0 0.730516975309 0.436767578125 0.0335648148148 0.11767578125
0 0.772762345679 0.41455078125 0.0362654320988 0.119140625
0 0.648919753086 0.3955078125 0.0300925925926 0.10546875
0 0.650848765432 0.29052734375 0.0262345679012 0.083984375
1 0.0738811728395 0.635009765625 0.147762345679 0.21533203125
0 0.108603395062 0.435791015625 0.0335648148148 0.10693359375
0 0.570601851852 0.246337890625 0.0192901234568 0.05908203125
0 0.601466049383 0.262451171875 0.0185185185185 0.06689453125
0 0.721064814815 0.244140625 0.0223765432099 0.0654296875
0 0.581983024691 0.206787109375 0.0158179012346 0.04833984375
2 0.123649691358 0.22021484375 0.0868055555556 0.0458984375
1 0.176311728395 0.184326171875 0.0362654320988 0.03271484375
1 0.267554012346 0.186279296875 0.048225308642 0.04443359375
1 0.345293209877 0.178466796875 0.0347222222222 0.03564453125
1 0.354552469136 0.161376953125 0.0324074074074 0.02978515625
1 0.395447530864 0.16015625 0.0308641975309 0.03125
1 0.315393518519 0.152099609375 0.03125 0.03369140625
1 0.342785493827 0.1328125 0.0266203703704 0.02734375
1 0.40162037037 0.13525390625 0.0231481481481 0.0322265625
3 0.465856481481 0.1708984375 0.065200617284 0.08984375
3 0.493634259259 0.142578125 0.0513117283951 0.0712890625
1 0.377700617284 0.10986328125 0.0154320987654 0.0185546875
1 0.39737654321 0.10302734375 0.0162037037037 0.017578125
3 0.444637345679 0.115966796875 0.0181327160494 0.02099609375
3 0.514660493827 0.10400390625 0.0192901234568 0.01953125
3 0.455054012346 0.1044921875 0.0181327160494 0.01953125
3 0.434799382716 0.105224609375 0.016975308642 0.01806640625
