1 0.288541666667 0.557407407407 0.096875 0.201851851852
1 0.587760416667 0.786111111111 0.1984375 0.316666666667
1 0.736979166667 0.547685185185 0.2125 0.206481481481
1 0.89765625 0.878240740741 0.2015625 0.241666666667
1 0.574739583333 0.44537037037 0.111979166667 0.148148148148
3 0.786458333333 0.429166666667 0.133333333333 0.126851851852
3 0.961197916667 0.403240740741 0.0765625 0.0787037037037
0 0.16796875 0.685648148148 0.0421875 0.165740740741
0 0.14375 0.548611111111 0.0291666666667 0.126851851852
1 0.430729166667 0.381481481481 0.0791666666667 0.140740740741
1 0.491145833333 0.350925925926 0.0708333333333 0.0944444444444
1 0.44296875 0.286574074074 0.0515625 0.062037037037
1 0.378645833333 0.300462962963 0.0458333333333 0.0712962962963
1 0.326302083333 0.261574074074 0.0401041666667 0.0657407407407
1 0.3640625 0.229166666667 0.0354166666667 0.0527777777778
1 0.401822916667 0.226851851852 0.0276041666667 0.0462962962963
1 0.363541666667 0.19537037037 0.0208333333333 0.0351851851852
3 0.45390625 0.180555555556 0.0286458333333 0.0277777777778
3 0.443229166667 0.155555555556 0.01875 0.0259259259259
3 0.427083333333 0.155092592593 0.0145833333333 0.0194444444444
0 0.83046875 0.308796296296 0.0161458333333 0.0638888888889
0 0.748177083333 0.268981481481 0.0109375 0.0583333333333
0 0.68046875 0.240277777778 0.00989583333333 0.0490740740741
0 0.611979166667 0.206944444444 0.0135416666667 0.0472222222222
0 0.5046875 0.172222222222 0.009375 0.0296296296296
0 0.521875 0.181481481481 0.00729166666667 0.0333333333333
