1 0.333854166667 0.571759259259 0.101041666667 0.223148148148
1 0.768229166667 0.738888888889 0.203125 0.27962962963
1 0.791145833333 0.514814814815 0.176041666667 0.168518518519
3 0.8390625 0.445833333333 0.121875 0.112037037037
3 0.9609375 0.406481481481 0.0770833333333 0.087037037037
3 0.609635416667 0.264351851852 0.0598958333333 0.0712962962963
1 0.5640625 0.442592592593 0.111458333333 0.15
1 0.315364583333 0.398148148148 0.0661458333333 0.107407407407
1 0.41484375 0.365277777778 0.0776041666667 0.0972222222222
1 0.487760416667 0.325925925926 0.0671875 0.0944444444444
1 0.442447916667 0.284259259259 0.0557291666667 0.0648148148148
1 0.365364583333 0.276388888889 0.0359375 0.0731481481481
1 0.42265625 0.250462962963 0.0369791666667 0.0527777777778
1 0.393229166667 0.221296296296 0.0322916666667 0.0444444444444
1 0.3546875 0.223148148148 0.0291666666667 0.0444444444444
1 0.326302083333 0.226851851852 0.0317708333333 0.0462962962963
0 0.287760416667 0.278240740741 0.0151041666667 0.0564814814815
1 0.349479166667 0.193981481481 0.028125 0.0287037037037
1 0.384895833333 0.192592592593 0.0239583333333 0.0277777777778
3 0.455729166667 0.195833333333 0.0302083333333 0.0268518518519
2 0.438020833333 0.169907407407 0.0302083333333 0.0212962962963
3 0.428125 0.155092592593 0.0135416666667 0.0194444444444
3 0.4421875 0.155092592593 0.0125 0.0212962962963
0 0.52421875 0.180092592593 0.00885416666667 0.0398148148148
0 0.01640625 0.872222222222 0.0296875 0.166666666667
