1 0.305208333333 0.86712962963 0.15625 0.25462962963
1 0.574739583333 0.749074074074 0.190104166667 0.316666666667
1 0.5296875 0.941666666667 0.188541666667 0.114814814815
1 0.881770833333 0.854166666667 0.235416666667 0.267592592593
1 0.896614583333 0.586574074074 0.205729166667 0.167592592593
1 0.673177083333 0.422222222222 0.171354166667 0.144444444444
1 0.324739583333 0.466666666667 0.0713541666667 0.148148148148
1 0.511197916667 0.355555555556 0.0869791666667 0.0962962962963
1 0.37578125 0.307407407407 0.0473958333333 0.0777777777778
1 0.449479166667 0.289351851852 0.0583333333333 0.0861111111111
0 0.151041666667 0.546296296296 0.0302083333333 0.135185185185
0 0.89609375 0.382407407407 0.0276041666667 0.0925925925926
3 0.96171875 0.406018518519 0.0755208333333 0.0805555555556
3 0.701302083333 0.35 0.0932291666667 0.107407407407
3 0.601302083333 0.277314814815 0.0609375 0.0601851851852
0 0.694270833333 0.278703703704 0.01875 0.0537037037037
1 0.332291666667 0.26712962963 0.0354166666667 0.062037037037
0 0.286458333333 0.280555555556 0.0114583333333 0.0555555555556
1 0.4296875 0.255555555556 0.0302083333333 0.0481481481481
1 0.41015625 0.238425925926 0.0317708333333 0.0527777777778
1 0.398177083333 0.221759259259 0.0276041666667 0.0435185185185
1 0.390104166667 0.208796296296 0.0229166666667 0.0342592592593
1 0.381770833333 0.204166666667 0.0260416666667 0.0416666666667
1 0.341666666667 0.200925925926 0.025 0.0333333333333
3 0.44375 0.159722222222 0.01875 0.0287037037037
3 0.42734375 0.155555555556 0.0182291666667 0.0185185185185
0 0.517708333333 0.188888888889 0.00833333333333 0.0314814814815
0 0.522395833333 0.181481481481 0.00833333333333 0.0296296296296
0 0.50390625 0.171759259259 0.00885416666667 0.0287037037037
0 0.498177083333 0.189814814815 0.0109375 0.037037037037
