1 0.299739583333 0.8875 0.159895833333 0.223148148148
1 0.90078125 0.87962962963 0.197395833333 0.22962962963
1 0.695052083333 0.595833333333 0.169270833333 0.237962962963
1 0.508333333333 0.496296296296 0.130208333333 0.227777777778
1 0.3859375 0.515740740741 0.0989583333333 0.177777777778
1 0.309114583333 0.386574074074 0.0661458333333 0.147222222222
1 0.389322916667 0.326851851852 0.0640625 0.103703703704
1 0.478385416667 0.337037037037 0.0682291666667 0.0907407407407
3 0.959375 0.409722222222 0.0802083333333 0.0805555555556
0 0.149739583333 0.714814814815 0.0380208333333 0.185185185185
0 0.170572916667 0.684722222222 0.0390625 0.175
1 0.45390625 0.286111111111 0.0453125 0.062962962963
1 0.415625 0.25462962963 0.0385416666667 0.0518518518519
1 0.4 0.221759259259 0.025 0.0398148148148
1 0.3765625 0.19212962963 0.025 0.0287037037037
1 0.35 0.198148148148 0.0229166666667 0.0277777777778
1 0.32421875 0.193981481481 0.0276041666667 0.0287037037037
3 0.49765625 0.219444444444 0.0401041666667 0.05
3 0.44296875 0.159259259259 0.0182291666667 0.0296296296296
3 0.42578125 0.153703703704 0.0151041666667 0.0222222222222
0 0.631770833333 0.215740740741 0.0114583333333 0.0425925925926
0 0.802604166667 0.295833333333 0.015625 0.0675925925926
0 0.728125 0.261111111111 0.009375 0.0555555555556
0 0.7734375 0.273148148148 0.0114583333333 0.0555555555556
0 0.52265625 0.180555555556 0.00677083333333 0.0314814814815
