1 0.31328125 0.7 0.1421875 0.322222222222
1 0.533072916667 0.821759259259 0.191145833333 0.337962962963
1 0.85859375 0.845833333333 0.255729166667 0.293518518519
1 0.71171875 0.570833333333 0.188020833333 0.241666666667
1 0.56875 0.42037037037 0.102083333333 0.137037037037
1 0.42890625 0.443518518519 0.0911458333333 0.151851851852
1 0.32421875 0.478240740741 0.0765625 0.132407407407
1 0.33125 0.394444444444 0.0625 0.0814814814815
1 0.454427083333 0.368055555556 0.100520833333 0.110185185185
1 0.496614583333 0.344907407407 0.0640625 0.0824074074074
1 0.46640625 0.30462962963 0.0463541666667 0.0555555555556
1 0.323697916667 0.341203703704 0.0494791666667 0.075
1 0.320572916667 0.302777777778 0.0442708333333 0.062962962963
1 0.40078125 0.325925925926 0.0494791666667 0.0907407407407
1 0.376822916667 0.297222222222 0.0421875 0.0703703703704
1 0.378385416667 0.262037037037 0.0359375 0.0407407407407
1 0.44375 0.275462962963 0.040625 0.0527777777778
1 0.428645833333 0.250925925926 0.0375 0.0425925925926
1 0.411979166667 0.233333333333 0.0291666666667 0.0481481481481
1 0.3984375 0.220833333333 0.028125 0.037962962963
1 0.365104166667 0.241203703704 0.0302083333333 0.0416666666667
1 0.366145833333 0.216666666667 0.0208333333333 0.0296296296296
1 0.381770833333 0.199537037037 0.0208333333333 0.0287037037037
3 0.629947916667 0.322685185185 0.0786458333333 0.0861111111111
3 0.651302083333 0.264814814815 0.0640625 0.0666666666667
3 0.44296875 0.156481481481 0.0171875 0.0240740740741
3 0.4265625 0.155092592593 0.015625 0.0194444444444
0 0.279947916667 0.341666666667 0.0161458333333 0.0740740740741
1 0.331770833333 0.215277777778 0.0260416666667 0.025
0 0.52265625 0.17962962963 0.00677083333333 0.0296296296296
0 0.506510416667 0.177314814815 0.00885416666667 0.0324074074074
0 0.4890625 0.163888888889 0.00625 0.0259259259259
0 0.75078125 0.26712962963 0.0140625 0.0546296296296
0 0.143489583333 0.563425925926 0.0307291666667 0.147222222222
0 0.11796875 0.571296296296 0.0265625 0.138888888889
0 0.0765625 0.586111111111 0.03125 0.153703703704
3 0.959375 0.403240740741 0.0802083333333 0.0842592592593
0 0.955729166667 0.35787037037 0.0145833333333 0.0657407407407
0 0.97890625 0.349074074074 0.0151041666667 0.0537037037037
