1 0.374739583333 0.777314814815 0.1390625 0.317592592593
1 0.586197916667 0.803240740741 0.215104166667 0.362037037037
1 0.749479166667 0.716666666667 0.215625 0.312962962963
1 0.641145833333 0.526388888889 0.135416666667 0.171296296296
1 0.541666666667 0.425 0.0822916666667 0.124074074074
1 0.31953125 0.447222222222 0.0734375 0.133333333333
1 0.41640625 0.38287037037 0.0682291666667 0.108333333333
1 0.490364583333 0.349074074074 0.0661458333333 0.0888888888889
3 0.962239583333 0.406944444444 0.0744791666667 0.087962962963
3 0.522135416667 0.22037037037 0.0390625 0.0425925925926
3 0.434375 0.188888888889 0.0239583333333 0.037037037037
3 0.444010416667 0.155092592593 0.0151041666667 0.0268518518519
3 0.42890625 0.150462962963 0.0161458333333 0.0287037037037
1 0.4609375 0.293055555556 0.0489583333333 0.0657407407407
1 0.426822916667 0.255092592593 0.0348958333333 0.062037037037
1 0.378385416667 0.289351851852 0.0442708333333 0.0675925925926
1 0.402604166667 0.221296296296 0.0260416666667 0.0481481481481
1 0.3171875 0.232407407407 0.034375 0.0537037037037
1 0.346354166667 0.216666666667 0.0260416666667 0.0462962962963
1 0.376302083333 0.246296296296 0.0411458333333 0.0425925925926
1 0.3671875 0.222222222222 0.0291666666667 0.0314814814815
1 0.381510416667 0.198611111111 0.0286458333333 0.0305555555556
0 0.141666666667 0.48287037037 0.0239583333333 0.108333333333
0 0.522135416667 0.181018518519 0.00989583333333 0.0324074074074
0 0.508072916667 0.172685185185 0.00885416666667 0.0287037037037
0 0.2453125 0.318981481481 0.009375 0.0472222222222
