1 0.36328125 0.868518518519 0.1765625 0.261111111111
1 0.87265625 0.859259259259 0.249479166667 0.27037037037
1 0.401041666667 0.636111111111 0.157291666667 0.240740740741
1 0.633854166667 0.533333333333 0.145833333333 0.196296296296
1 0.480989583333 0.414351851852 0.115104166667 0.121296296296
1 0.58046875 0.381944444444 0.118229166667 0.125
1 0.47734375 0.324074074074 0.0682291666667 0.0833333333333
1 0.375520833333 0.331481481481 0.0520833333333 0.0944444444444
1 0.43046875 0.264351851852 0.0463541666667 0.0712962962963
3 0.961197916667 0.407407407407 0.0765625 0.0833333333333
1 0.97890625 0.553703703704 0.0411458333333 0.111111111111
3 0.558072916667 0.25462962963 0.0494791666667 0.0518518518519
3 0.507552083333 0.201388888889 0.0442708333333 0.0453703703704
1 0.328645833333 0.294907407407 0.040625 0.0601851851852
1 0.364322916667 0.240277777778 0.0276041666667 0.0416666666667
1 0.415364583333 0.235648148148 0.0286458333333 0.0435185185185
1 0.394791666667 0.221759259259 0.0302083333333 0.0453703703704
1 0.328645833333 0.214351851852 0.028125 0.0342592592593
3 0.423958333333 0.181944444444 0.0197916666667 0.025
2 0.444010416667 0.168981481481 0.0296875 0.0231481481481
3 0.427083333333 0.155092592593 0.0145833333333 0.0231481481481
3 0.44140625 0.151851851852 0.0130208333333 0.0259259259259
0 0.523697916667 0.180092592593 0.00885416666667 0.0361111111111
0 0.574739583333 0.193055555556 0.00989583333333 0.0361111111111
0 0.529427083333 0.175925925926 0.00989583333333 0.0314814814815
1 0.35234375 0.198611111111 0.0234375 0.0287037037037
1 0.387239583333 0.196296296296 0.0234375 0.0222222222222
