1 0.816927083333 0.792592592593 0.250520833333 0.344444444444
1 0.63359375 0.481018518519 0.1765625 0.158333333333
1 0.752864583333 0.428703703704 0.166145833333 0.131481481481
1 0.44296875 0.555555555556 0.136979166667 0.225925925926
1 0.348177083333 0.406944444444 0.0640625 0.121296296296
1 0.394791666667 0.321759259259 0.0510416666667 0.0824074074074
1 0.448958333333 0.290277777778 0.0541666666667 0.0842592592593
3 0.959375 0.402314814815 0.0802083333333 0.0861111111111
0 0.196614583333 0.448148148148 0.0171875 0.0925925925926
1 0.32421875 0.314351851852 0.0432291666667 0.0712962962963
1 0.4265625 0.260185185185 0.0333333333333 0.0537037037037
1 0.4046875 0.236574074074 0.034375 0.0509259259259
1 0.33125 0.248611111111 0.0291666666667 0.0509259259259
1 0.388802083333 0.208333333333 0.0255208333333 0.0351851851852
3 0.451822916667 0.194907407407 0.0276041666667 0.0268518518519
3 0.439322916667 0.175925925926 0.0286458333333 0.0277777777778
3 0.44296875 0.155555555556 0.0171875 0.0240740740741
3 0.427604166667 0.155555555556 0.0145833333333 0.0296296296296
1 0.355729166667 0.212037037037 0.0239583333333 0.0388888888889
1 0.336458333333 0.206481481481 0.025 0.037037037037
1 0.376822916667 0.187962962963 0.0182291666667 0.0240740740741
0 0.584114583333 0.197222222222 0.0078125 0.0407407407407
0 0.523697916667 0.181018518519 0.0078125 0.0324074074074
0 0.5015625 0.184722222222 0.00833333333333 0.0361111111111
0 0.623958333333 0.241666666667 0.0114583333333 0.0462962962963
