1 0.834114583333 0.738425925926 0.240104166667 0.360185185185
1 0.462760416667 0.522685185185 0.1171875 0.202777777778
1 0.609635416667 0.488888888889 0.1265625 0.196296296296
1 0.324479166667 0.585648148148 0.103125 0.20462962963
1 0.329166666667 0.405092592593 0.0625 0.106481481481
1 0.472916666667 0.379166666667 0.111458333333 0.108333333333
1 0.498958333333 0.340277777778 0.0635416666667 0.0768518518519
1 0.4015625 0.327777777778 0.053125 0.087037037037
1 0.322135416667 0.312962962963 0.0453125 0.0796296296296
1 0.37734375 0.297222222222 0.0411458333333 0.0648148148148
1 0.465625 0.303703703704 0.0447916666667 0.0555555555556
1 0.4421875 0.27962962963 0.0395833333333 0.0592592592593
1 0.426822916667 0.255092592593 0.0348958333333 0.0490740740741
1 0.379166666667 0.262037037037 0.034375 0.0481481481481
1 0.3671875 0.241666666667 0.03125 0.0407407407407
1 0.4125 0.233333333333 0.0322916666667 0.0481481481481
1 0.399479166667 0.218981481481 0.0260416666667 0.0398148148148
1 0.379947916667 0.199537037037 0.0223958333333 0.0305555555556
1 0.327083333333 0.215740740741 0.03125 0.0296296296296
3 0.52109375 0.209722222222 0.0380208333333 0.0472222222222
3 0.44375 0.160648148148 0.015625 0.0268518518519
3 0.427604166667 0.156018518519 0.015625 0.0212962962963
0 0.289322916667 0.268981481481 0.00989583333333 0.0398148148148
0 0.26796875 0.440277777778 0.0203125 0.100925925926
0 0.521614583333 0.181018518519 0.00885416666667 0.0305555555556
0 0.78828125 0.283333333333 0.0119791666667 0.0611111111111
3 0.96015625 0.404166666667 0.0786458333333 0.0898148148148
0 0.122135416667 0.677314814815 0.0338541666667 0.141666666667
0 0.08671875 0.677777777778 0.0317708333333 0.153703703704
