1 0.3171875 0.563888888889 0.102083333333 0.185185185185
1 0.545052083333 0.66712962963 0.163020833333 0.24537037037
1 0.502864583333 0.881944444444 0.228645833333 0.234259259259
1 0.8796875 0.857407407407 0.23125 0.281481481481
1 0.775520833333 0.544907407407 0.201041666667 0.176851851852
1 0.548958333333 0.381018518519 0.120833333333 0.123148148148
3 0.7640625 0.383796296296 0.10625 0.0990740740741
3 0.936197916667 0.543518518519 0.1265625 0.198148148148
3 0.962239583333 0.406018518519 0.0744791666667 0.0842592592593
0 0.168489583333 0.510648148148 0.0192708333333 0.121296296296
0 0.848958333333 0.368981481481 0.021875 0.0805555555556
0 0.7953125 0.325462962963 0.0208333333333 0.0712962962963
1 0.327864583333 0.346759259259 0.0494791666667 0.0861111111111
1 0.46484375 0.318055555556 0.0557291666667 0.0787037037037
1 0.432552083333 0.268518518519 0.0463541666667 0.0685185185185
1 0.3609375 0.252777777778 0.03125 0.0518518518519
1 0.41875 0.240277777778 0.0291666666667 0.0453703703704
1 0.329166666667 0.239814814815 0.0291666666667 0.05
1 0.40078125 0.226851851852 0.0296875 0.0425925925926
1 0.391145833333 0.213425925926 0.0229166666667 0.0361111111111
1 0.38359375 0.200925925926 0.0213541666667 0.037037037037
1 0.34296875 0.192592592593 0.0192708333333 0.0314814814815
3 0.442708333333 0.161111111111 0.015625 0.0277777777778
3 0.427604166667 0.156944444444 0.015625 0.0231481481481
0 0.474739583333 0.183333333333 0.0119791666667 0.0333333333333
0 0.511197916667 0.1875 0.00989583333333 0.0361111111111
0 0.523958333333 0.180555555556 0.00833333333333 0.0333333333333
0 0.501041666667 0.168518518519 0.00833333333333 0.0333333333333
0 0.54453125 0.181018518519 0.00989583333333 0.0305555555556
0 0.599739583333 0.203240740741 0.00989583333333 0.0398148148148
2 0.327604166667 0.186111111111 0.0260416666667 0.0259259259259
