0 0.0833333333333 0.688425925926 0.040625 0.175
0 0.200520833333 0.689814814815 0.028125 0.15
0 0.220572916667 0.723148148148 0.0286458333333 0.17962962963
1 0.303125 0.822685185185 0.158333333333 0.336111111111
1 0.687760416667 0.9125 0.2328125 0.173148148148
1 0.899739583333 0.87037037037 0.199479166667 0.214814814815
1 0.426302083333 0.562962962963 0.1359375 0.201851851852
1 0.757552083333 0.677777777778 0.1953125 0.274074074074
1 0.609635416667 0.5125 0.1265625 0.163888888889
1 0.531510416667 0.405092592593 0.0880208333333 0.125
1 0.413020833333 0.379166666667 0.075 0.123148148148
1 0.50546875 0.3375 0.0661458333333 0.0787037037037
1 0.465104166667 0.312962962963 0.0541666666667 0.0777777777778
3 0.962239583333 0.406944444444 0.0744791666667 0.0824074074074
0 0.296354166667 0.382407407407 0.0239583333333 0.0925925925926
0 0.73203125 0.256481481481 0.0119791666667 0.0518518518519
0 0.644791666667 0.254166666667 0.0125 0.0546296296296
0 0.670572916667 0.258796296296 0.0119791666667 0.0453703703704
0 0.677083333333 0.2375 0.009375 0.0472222222222
0 0.633854166667 0.223148148148 0.0104166666667 0.0407407407407
1 0.4375 0.278703703704 0.0364583333333 0.062962962963
1 0.422395833333 0.256944444444 0.0322916666667 0.0564814814815
1 0.402083333333 0.235185185185 0.0291666666667 0.0481481481481
1 0.365364583333 0.231944444444 0.0286458333333 0.0453703703704
1 0.388802083333 0.20787037037 0.0255208333333 0.037962962963
1 0.334895833333 0.211111111111 0.021875 0.037037037037
1 0.376041666667 0.186111111111 0.0229166666667 0.0333333333333
3 0.498958333333 0.219907407407 0.0354166666667 0.037962962963
3 0.459635416667 0.206481481481 0.0286458333333 0.037037037037
3 0.44375 0.156944444444 0.0177083333333 0.0287037037037
3 0.427083333333 0.154166666667 0.0145833333333 0.0231481481481
0 0.554427083333 0.187037037037 0.0078125 0.0351851851852
0 0.506510416667 0.173148148148 0.00572916666667 0.0240740740741
