0 0.298697916667 0.866666666667 0.0651041666667 0.224074074074
0 0.7015625 0.398611111111 0.025 0.106481481481
0 0.819010416667 0.293055555556 0.0182291666667 0.0675925925926
1 0.6171875 0.715740740741 0.248958333333 0.37962962963
1 0.75390625 0.492592592593 0.172395833333 0.15
3 0.96171875 0.409259259259 0.0755208333333 0.0907407407407
1 0.5140625 0.414351851852 0.120833333333 0.117592592593
1 0.320833333333 0.483796296296 0.0770833333333 0.149074074074
1 0.504166666667 0.327777777778 0.0791666666667 0.0981481481481
1 0.327604166667 0.305555555556 0.0489583333333 0.103703703704
1 0.447916666667 0.281481481481 0.0447916666667 0.0722222222222
1 0.36875 0.265740740741 0.0354166666667 0.0518518518519
1 0.426822916667 0.253240740741 0.0328125 0.0564814814815
1 0.4078125 0.236111111111 0.0270833333333 0.0481481481481
1 0.398697916667 0.222685185185 0.0265625 0.0361111111111
1 0.359114583333 0.241203703704 0.0307291666667 0.0435185185185
1 0.376302083333 0.213888888889 0.0296875 0.0296296296296
1 0.384895833333 0.2 0.021875 0.0277777777778
1 0.344270833333 0.231018518519 0.0291666666667 0.0398148148148
1 0.332552083333 0.214351851852 0.0244791666667 0.0324074074074
0 0.505208333333 0.196759259259 0.0104166666667 0.0361111111111
0 0.582552083333 0.196296296296 0.0078125 0.0351851851852
0 0.537239583333 0.181481481481 0.00677083333333 0.0296296296296
3 0.442447916667 0.159259259259 0.0182291666667 0.0277777777778
3 0.4265625 0.15462962963 0.015625 0.0259259259259
