1 0.31484375 0.906018518519 0.127604166667 0.186111111111
1 0.627604166667 0.896296296296 0.219791666667 0.205555555556
1 0.927864583333 0.934259259259 0.143229166667 0.124074074074
1 0.305208333333 0.659259259259 0.136458333333 0.287037037037
1 0.474479166667 0.627314814815 0.138541666667 0.250925925926
1 0.761458333333 0.748148148148 0.209375 0.290740740741
1 0.676302083333 0.519444444444 0.184895833333 0.188888888889
1 0.566145833333 0.417592592593 0.0947916666667 0.135185185185
1 0.321354166667 0.47962962963 0.08125 0.135185185185
1 0.428385416667 0.437962962963 0.0859375 0.144444444444
1 0.334635416667 0.375 0.0630208333333 0.0888888888889
1 0.456770833333 0.372222222222 0.101041666667 0.105555555556
1 0.497135416667 0.343981481481 0.0671875 0.0805555555556
1 0.466927083333 0.303703703704 0.0546875 0.0611111111111
1 0.324479166667 0.31712962963 0.04375 0.0675925925926
1 0.320572916667 0.279166666667 0.0359375 0.0398148148148
1 0.402083333333 0.328240740741 0.05 0.0861111111111
1 0.376822916667 0.293981481481 0.0432291666667 0.0657407407407
1 0.379947916667 0.2625 0.0380208333333 0.0416666666667
1 0.441927083333 0.279166666667 0.0390625 0.0546296296296
1 0.42734375 0.251851851852 0.0338541666667 0.0462962962963
1 0.413802083333 0.231018518519 0.0296875 0.0435185185185
1 0.366145833333 0.244444444444 0.0302083333333 0.0425925925926
1 0.4 0.22037037037 0.0260416666667 0.0407407407407
1 0.3671875 0.220833333333 0.025 0.0342592592593
1 0.334635416667 0.237962962963 0.0338541666667 0.0388888888889
1 0.330208333333 0.219907407407 0.0291666666667 0.0342592592593
1 0.38203125 0.198148148148 0.0234375 0.0296296296296
1 0.339322916667 0.200925925926 0.0182291666667 0.0203703703704
3 0.4265625 0.156018518519 0.0145833333333 0.0194444444444
3 0.444010416667 0.159259259259 0.0171875 0.0296296296296
3 0.58515625 0.255555555556 0.0390625 0.0444444444444
3 0.9609375 0.406481481481 0.0770833333333 0.0814814814815
0 0.6546875 0.224074074074 0.015625 0.0462962962963
0 0.77421875 0.281481481481 0.0119791666667 0.0611111111111
0 0.78828125 0.281481481481 0.0119791666667 0.0537037037037
0 0.522916666667 0.180555555556 0.00625 0.0277777777778
0 0.751041666667 0.287037037037 0.0135416666667 0.0592592592593
0 0.171354166667 0.390740740741 0.0166666666667 0.0907407407407
0 0.196875 0.393518518519 0.0166666666667 0.0907407407407
0 0.291666666667 0.269444444444 0.0125 0.05
