1 0.31484375 0.905092592593 0.1390625 0.187962962963
1 0.641145833333 0.924074074074 0.198958333333 0.15
1 0.95078125 0.962037037037 0.0932291666667 0.0740740740741
1 0.764322916667 0.751388888889 0.215104166667 0.297222222222
1 0.47265625 0.626851851852 0.1421875 0.240740740741
1 0.307552083333 0.654166666667 0.133854166667 0.286111111111
1 0.674739583333 0.517592592593 0.183854166667 0.188888888889
1 0.562760416667 0.418518518519 0.0942708333333 0.140740740741
1 0.323697916667 0.476388888889 0.0776041666667 0.132407407407
1 0.42890625 0.441666666667 0.0911458333333 0.148148148148
1 0.456770833333 0.370833333333 0.0989583333333 0.112037037037
1 0.497395833333 0.343055555556 0.0604166666667 0.0824074074074
1 0.465885416667 0.305555555556 0.0473958333333 0.0611111111111
1 0.33125 0.385648148148 0.0583333333333 0.0824074074074
1 0.326822916667 0.328703703704 0.0453125 0.0648148148148
1 0.319791666667 0.302777777778 0.046875 0.0518518518519
1 0.40078125 0.326851851852 0.0463541666667 0.0851851851852
1 0.377604166667 0.298611111111 0.0416666666667 0.0694444444444
1 0.380208333333 0.261111111111 0.0364583333333 0.0462962962963
1 0.443229166667 0.276851851852 0.0427083333333 0.0537037037037
1 0.428385416667 0.253703703704 0.0380208333333 0.05
1 0.412239583333 0.22962962963 0.0286458333333 0.0407407407407
1 0.36328125 0.239814814815 0.0244791666667 0.0388888888889
1 0.397916666667 0.22037037037 0.028125 0.0407407407407
1 0.3375 0.236111111111 0.03125 0.0407407407407
1 0.332291666667 0.218518518519 0.025 0.0314814814815
1 0.38046875 0.200462962963 0.0223958333333 0.0324074074074
1 0.34453125 0.206018518519 0.0244791666667 0.0268518518519
0 0.2890625 0.285185185185 0.009375 0.0537037037037
0 0.41328125 0.275925925926 0.0119791666667 0.0425925925926
0 0.5234375 0.179166666667 0.00729166666667 0.0287037037037
0 0.482291666667 0.177314814815 0.00833333333333 0.0305555555556
0 0.484375 0.159722222222 0.00625 0.0231481481481
0 0.873958333333 0.331481481481 0.0135416666667 0.062962962963
0 0.884895833333 0.329166666667 0.0114583333333 0.0638888888889
0 0.89921875 0.330555555556 0.0119791666667 0.0666666666667
0 0.11875 0.498611111111 0.021875 0.119444444444
0 0.145572916667 0.494907407407 0.0234375 0.121296296296
0 0.16640625 0.488888888889 0.0244791666667 0.118518518519
3 0.445572916667 0.178703703704 0.0203125 0.0296296296296
3 0.427864583333 0.154166666667 0.0151041666667 0.025
3 0.444791666667 0.156481481481 0.0166666666667 0.0296296296296
3 0.829947916667 0.376851851852 0.1078125 0.103703703704
3 0.96328125 0.408333333333 0.0723958333333 0.0814814814815
