1 0.618229166667 0.891203703704 0.198958333333 0.206481481481
1 0.313802083333 0.903703703704 0.136979166667 0.177777777778
1 0.928385416667 0.933333333333 0.1421875 0.12962962963
1 0.763541666667 0.751388888889 0.205208333333 0.300925925926
1 0.31015625 0.668055555556 0.131770833333 0.289814814815
1 0.473958333333 0.622222222222 0.139583333333 0.235185185185
1 0.669791666667 0.522685185185 0.180208333333 0.191666666667
1 0.5640625 0.415277777778 0.0947916666667 0.136111111111
1 0.322916666667 0.475 0.0791666666667 0.135185185185
1 0.428385416667 0.435648148148 0.0859375 0.149074074074
3 0.96171875 0.408333333333 0.0755208333333 0.0814814814815
1 0.45546875 0.373148148148 0.0963541666667 0.103703703704
1 0.330989583333 0.377777777778 0.0557291666667 0.0925925925926
1 0.323697916667 0.31712962963 0.0411458333333 0.0638888888889
1 0.402864583333 0.326388888889 0.0484375 0.0916666666667
1 0.495833333333 0.340277777778 0.0645833333333 0.0787037037037
1 0.378385416667 0.298611111111 0.0442708333333 0.0675925925926
1 0.466145833333 0.301851851852 0.046875 0.0518518518519
1 0.444270833333 0.279166666667 0.04375 0.0527777777778
1 0.427604166667 0.252314814815 0.0354166666667 0.0453703703704
1 0.37890625 0.261111111111 0.0348958333333 0.0388888888889
1 0.365625 0.240277777778 0.03125 0.0398148148148
1 0.4125 0.23287037037 0.0302083333333 0.0453703703704
1 0.336197916667 0.236574074074 0.0338541666667 0.0398148148148
1 0.39921875 0.221296296296 0.0255208333333 0.0388888888889
1 0.36875 0.218518518519 0.025 0.0333333333333
1 0.331770833333 0.216666666667 0.0270833333333 0.0277777777778
1 0.382291666667 0.197685185185 0.0239583333333 0.0287037037037
1 0.340364583333 0.201851851852 0.0213541666667 0.0259259259259
3 0.567447916667 0.244907407407 0.0432291666667 0.0435185185185
3 0.44375 0.159259259259 0.0166666666667 0.0296296296296
3 0.427083333333 0.153703703704 0.0145833333333 0.0203703703704
0 0.169270833333 0.397222222222 0.01875 0.0962962962963
0 0.1984375 0.396759259259 0.0166666666667 0.0916666666667
0 0.293229166667 0.266666666667 0.0104166666667 0.0518518518519
0 0.75546875 0.289814814815 0.0140625 0.0574074074074
0 0.778125 0.285185185185 0.0135416666667 0.062962962963
0 0.793229166667 0.285185185185 0.0104166666667 0.0648148148148
0 0.656510416667 0.225 0.00885416666667 0.0425925925926
0 0.52265625 0.179166666667 0.00677083333333 0.0287037037037
0 0.306510416667 0.230092592593 0.00989583333333 0.037962962963
