0 0.45625 0.79537037037 0.0479166666667 0.196296296296
0 0.56953125 0.819907407407 0.0442708333333 0.202777777778
0 0.34921875 0.593055555556 0.0484375 0.173148148148
1 0.29765625 0.822222222222 0.181770833333 0.324074074074
1 0.477083333333 0.670833333333 0.161458333333 0.263888888889
1 0.901302083333 0.88287037037 0.196354166667 0.221296296296
1 0.751822916667 0.681944444444 0.190104166667 0.258333333333
1 0.614583333333 0.50787037037 0.128125 0.165740740741
1 0.439322916667 0.450462962963 0.0901041666667 0.15462962963
1 0.53046875 0.413425925926 0.0901041666667 0.126851851852
1 0.387760416667 0.313425925926 0.0567708333333 0.0805555555556
1 0.50703125 0.334259259259 0.0671875 0.0851851851852
1 0.467447916667 0.314351851852 0.0536458333333 0.0861111111111
1 0.324739583333 0.29212962963 0.0473958333333 0.062037037037
3 0.959895833333 0.412962962963 0.0791666666667 0.087037037037
0 0.813020833333 0.346759259259 0.0177083333333 0.0675925925926
0 0.778645833333 0.328240740741 0.0208333333333 0.0731481481481
0 0.653645833333 0.2875 0.01875 0.062037037037
0 0.62890625 0.250462962963 0.0140625 0.0527777777778
0 0.772916666667 0.27037037037 0.0135416666667 0.0537037037037
0 0.721875 0.253240740741 0.0135416666667 0.0546296296296
3 0.434895833333 0.187037037037 0.021875 0.0314814814815
1 0.444270833333 0.285185185185 0.040625 0.0666666666667
1 0.429166666667 0.260648148148 0.0375 0.0509259259259
1 0.411458333333 0.246296296296 0.0333333333333 0.05
1 0.401041666667 0.224537037037 0.028125 0.0398148148148
1 0.3484375 0.228703703704 0.0322916666667 0.0388888888889
1 0.387239583333 0.201388888889 0.0223958333333 0.0361111111111
1 0.3625 0.19212962963 0.0239583333333 0.0361111111111
3 0.443229166667 0.158796296296 0.01875 0.0324074074074
3 0.426041666667 0.152777777778 0.015625 0.0240740740741
0 0.521354166667 0.178703703704 0.00833333333333 0.0333333333333
0 0.502083333333 0.169907407407 0.00729166666667 0.0305555555556
0 0.555208333333 0.187962962963 0.009375 0.037037037037
0 0.57265625 0.193981481481 0.0078125 0.0342592592593
0 0.611458333333 0.211111111111 0.009375 0.0388888888889
