1 0.913802083333 0.884722222222 0.153645833333 0.228703703704
1 0.355729166667 0.923148148148 0.172916666667 0.146296296296
1 0.709114583333 0.661574074074 0.1953125 0.299074074074
1 0.3546875 0.616666666667 0.111458333333 0.22962962963
1 0.4921875 0.570833333333 0.129166666667 0.213888888889
1 0.616666666667 0.503240740741 0.117708333333 0.156481481481
1 0.530989583333 0.405092592593 0.0807291666667 0.110185185185
1 0.319791666667 0.418055555556 0.0708333333333 0.110185185185
1 0.40234375 0.338888888889 0.0578125 0.0944444444444
1 0.485677083333 0.336111111111 0.0661458333333 0.0925925925926
1 0.452083333333 0.2875 0.0510416666667 0.0675925925926
1 0.372395833333 0.274074074074 0.0458333333333 0.0518518518519
1 0.42265625 0.246759259259 0.0390625 0.0638888888889
1 0.321614583333 0.222685185185 0.0369791666667 0.0509259259259
0 0.152083333333 0.4625 0.0239583333333 0.106481481481
3 0.9609375 0.408796296296 0.0770833333333 0.0787037037037
0 0.96875 0.354166666667 0.01875 0.0657407407407
3 0.551041666667 0.237037037037 0.0447916666667 0.0481481481481
3 0.443229166667 0.199537037037 0.0302083333333 0.037962962963
3 0.443489583333 0.156944444444 0.0161458333333 0.0268518518519
3 0.427864583333 0.153240740741 0.0151041666667 0.0305555555556
1 0.39921875 0.217592592593 0.0276041666667 0.0407407407407
1 0.38046875 0.2 0.0223958333333 0.0333333333333
1 0.361197916667 0.238888888889 0.0421875 0.0444444444444
2 0.373958333333 0.177777777778 0.0375 0.0277777777778
