0 0.209114583333 0.777777777778 0.0421875 0.188888888889
0 0.17890625 0.692592592593 0.0380208333333 0.187037037037
0 0.166145833333 0.441203703704 0.01875 0.0861111111111
0 0.838802083333 0.311574074074 0.0182291666667 0.0694444444444
0 0.774479166667 0.277314814815 0.0135416666667 0.0638888888889
0 0.649479166667 0.218518518519 0.0104166666667 0.0462962962963
0 0.7375 0.265740740741 0.0135416666667 0.0648148148148
1 0.438802083333 0.706018518519 0.147395833333 0.293518518519
1 0.61796875 0.727777777778 0.213020833333 0.385185185185
1 0.90234375 0.875925925926 0.194270833333 0.214814814815
1 0.745572916667 0.666203703704 0.191145833333 0.271296296296
1 0.596354166667 0.49212962963 0.117708333333 0.156481481481
1 0.426822916667 0.438888888889 0.1015625 0.161111111111
1 0.30234375 0.506481481481 0.0932291666667 0.207407407407
1 0.511197916667 0.385185185185 0.0817708333333 0.114814814815
1 0.47265625 0.313425925926 0.0546875 0.0768518518519
1 0.434375 0.278240740741 0.046875 0.0638888888889
3 0.959375 0.405555555556 0.0802083333333 0.0814814814815
1 0.3421875 0.205092592593 0.0208333333333 0.0324074074074
1 0.35625 0.214351851852 0.0229166666667 0.0398148148148
1 0.391666666667 0.211574074074 0.025 0.0398148148148
1 0.41796875 0.250462962963 0.0307291666667 0.0509259259259
3 0.447135416667 0.189814814815 0.0296875 0.037037037037
3 0.444270833333 0.15787037037 0.0177083333333 0.0268518518519
3 0.427083333333 0.157407407407 0.0166666666667 0.0203703703704
0 0.60078125 0.202314814815 0.0078125 0.037962962963
0 0.525 0.176388888889 0.00729166666667 0.0268518518519
