1 0.292708333333 0.832407407407 0.163541666667 0.327777777778
1 0.47578125 0.676851851852 0.169270833333 0.27962962963
1 0.31875 0.6375 0.109375 0.223148148148
1 0.90078125 0.881944444444 0.190104166667 0.234259259259
1 0.754427083333 0.679166666667 0.199479166667 0.260185185185
1 0.612239583333 0.517592592593 0.1234375 0.177777777778
1 0.441145833333 0.439814814815 0.0875 0.148148148148
1 0.53203125 0.408796296296 0.0911458333333 0.132407407407
3 0.960416666667 0.407407407407 0.078125 0.0833333333333
1 0.50703125 0.34537037037 0.0692708333333 0.0833333333333
1 0.42734375 0.349074074074 0.0744791666667 0.0796296296296
0 0.386458333333 0.496759259259 0.028125 0.123148148148
0 0.855989583333 0.314351851852 0.0161458333333 0.0731481481481
0 0.796614583333 0.2875 0.0130208333333 0.0583333333333
1 0.465885416667 0.312037037037 0.0494791666667 0.0722222222222
1 0.371354166667 0.305555555556 0.0427083333333 0.0703703703704
1 0.44296875 0.283333333333 0.0359375 0.0574074074074
1 0.427864583333 0.261574074074 0.0348958333333 0.0546296296296
1 0.363802083333 0.262037037037 0.0328125 0.0462962962963
1 0.40859375 0.243981481481 0.0307291666667 0.0472222222222
1 0.396354166667 0.209259259259 0.0260416666667 0.0388888888889
1 0.38359375 0.203703703704 0.0213541666667 0.0314814814815
1 0.354166666667 0.206481481481 0.0229166666667 0.037037037037
3 0.44296875 0.158796296296 0.0192708333333 0.0287037037037
3 0.4265625 0.154166666667 0.015625 0.0212962962963
0 0.514583333333 0.204166666667 0.009375 0.0361111111111
0 0.540104166667 0.182407407407 0.00729166666667 0.0277777777778
0 0.523177083333 0.176851851852 0.00885416666667 0.0296296296296
0 0.5109375 0.180092592593 0.00729166666667 0.0287037037037
0 0.575520833333 0.199074074074 0.00625 0.0314814814815
0 0.597135416667 0.200925925926 0.00885416666667 0.0314814814815
