1 0.770833333333 0.766203703704 0.208333333333 0.297222222222
1 0.481510416667 0.656944444444 0.140104166667 0.262037037037
1 0.3203125 0.938888888889 0.132291666667 0.12037037037
1 0.310677083333 0.669907407407 0.125520833333 0.30462962963
1 0.676302083333 0.526388888889 0.1796875 0.191666666667
1 0.564583333333 0.417592592593 0.090625 0.135185185185
1 0.429427083333 0.440740740741 0.0880208333333 0.153703703704
1 0.323697916667 0.475462962963 0.0755208333333 0.126851851852
1 0.33125 0.39537037037 0.0625 0.0907407407407
1 0.4546875 0.368055555556 0.103125 0.110185185185
1 0.496614583333 0.344444444444 0.0619791666667 0.0888888888889
1 0.325 0.3375 0.05 0.075
1 0.403645833333 0.326851851852 0.053125 0.0925925925926
1 0.46640625 0.301388888889 0.0484375 0.062037037037
1 0.3171875 0.303703703704 0.0416666666667 0.0648148148148
1 0.377864583333 0.293055555556 0.0453125 0.0675925925926
1 0.443229166667 0.277777777778 0.0479166666667 0.0592592592593
1 0.428385416667 0.252314814815 0.0359375 0.0564814814815
1 0.377864583333 0.260185185185 0.0328125 0.0518518518519
1 0.364583333333 0.240740740741 0.0270833333333 0.0425925925926
1 0.413802083333 0.233796296296 0.0307291666667 0.0472222222222
1 0.398697916667 0.219444444444 0.0265625 0.0425925925926
1 0.366927083333 0.218518518519 0.0234375 0.0333333333333
1 0.331510416667 0.219907407407 0.0265625 0.0342592592593
1 0.380208333333 0.197685185185 0.0229166666667 0.0305555555556
3 0.438541666667 0.175 0.0177083333333 0.0222222222222
3 0.427604166667 0.15462962963 0.0145833333333 0.0222222222222
3 0.443489583333 0.157407407407 0.0161458333333 0.0259259259259
0 0.485416666667 0.1625 0.00625 0.025
0 0.491145833333 0.178703703704 0.00729166666667 0.0277777777778
0 0.523697916667 0.181481481481 0.0078125 0.0314814814815
0 0.288541666667 0.300925925926 0.0135416666667 0.0537037037037
0 0.159114583333 0.514814814815 0.0234375 0.127777777778
0 0.133854166667 0.525462962963 0.0208333333333 0.125
0 0.7265625 0.256018518519 0.0114583333333 0.0546296296296
0 0.897916666667 0.343518518519 0.0114583333333 0.0722222222222
0 0.908333333333 0.343055555556 0.0125 0.0731481481481
0 0.9234375 0.337037037037 0.0125 0.0648148148148
3 0.861979166667 0.511111111111 0.146875 0.159259259259
3 0.961197916667 0.405092592593 0.0765625 0.0768518518519
