1 0.578645833333 0.755092592593 0.180208333333 0.315740740741
1 0.88125 0.856944444444 0.234375 0.284259259259
1 0.291666666667 0.841203703704 0.148958333333 0.315740740741
1 0.918229166667 0.503240740741 0.152083333333 0.14537037037
1 0.618489583333 0.50787037037 0.168229166667 0.15462962963
1 0.6453125 0.405092592593 0.133333333333 0.113888888889
3 0.9609375 0.401851851852 0.0770833333333 0.0685185185185
0 0.163541666667 0.60462962963 0.0333333333333 0.153703703704
1 0.348697916667 0.34537037037 0.0515625 0.0888888888889
1 0.489322916667 0.333796296296 0.0765625 0.106481481481
1 0.45625 0.287037037037 0.0447916666667 0.0666666666667
1 0.426041666667 0.262962962963 0.0375 0.0574074074074
1 0.408333333333 0.235185185185 0.03125 0.0481481481481
1 0.34921875 0.226851851852 0.0307291666667 0.0407407407407
1 0.398958333333 0.22037037037 0.0270833333333 0.0407407407407
1 0.373697916667 0.193981481481 0.0213541666667 0.0287037037037
1 0.336197916667 0.198148148148 0.0244791666667 0.0351851851852
3 0.531510416667 0.238888888889 0.0411458333333 0.0611111111111
3 0.484375 0.213425925926 0.0354166666667 0.0398148148148
3 0.484635416667 0.189814814815 0.0296875 0.0314814814815
3 0.444270833333 0.158333333333 0.0197916666667 0.0296296296296
3 0.427864583333 0.154166666667 0.0192708333333 0.0268518518519
0 0.620052083333 0.212037037037 0.00989583333333 0.0444444444444
0 0.558072916667 0.189814814815 0.0078125 0.0388888888889
0 0.527604166667 0.193981481481 0.009375 0.0416666666667
0 0.522135416667 0.182407407407 0.00677083333333 0.0314814814815
0 0.508333333333 0.173148148148 0.00729166666667 0.0333333333333
