1 0.758072916667 0.684722222222 0.1984375 0.271296296296
1 0.903125 0.879166666667 0.192708333333 0.213888888889
1 0.476822916667 0.674074074074 0.1734375 0.27037037037
1 0.611197916667 0.513888888889 0.125520833333 0.181481481481
1 0.319270833333 0.638425925926 0.121875 0.202777777778
1 0.291145833333 0.839351851852 0.190625 0.319444444444
1 0.5375 0.416666666667 0.1 0.125925925926
1 0.44140625 0.447222222222 0.0984375 0.148148148148
1 0.338802083333 0.418518518519 0.0692708333333 0.125925925926
1 0.40078125 0.367592592593 0.0671875 0.0962962962963
1 0.493489583333 0.347685185185 0.0661458333333 0.0768518518519
1 0.311979166667 0.350925925926 0.0520833333333 0.0722222222222
1 0.380729166667 0.323611111111 0.0489583333333 0.0601851851852
1 0.314322916667 0.293055555556 0.0421875 0.0564814814815
1 0.467447916667 0.306944444444 0.0557291666667 0.0675925925926
1 0.45234375 0.268981481481 0.0442708333333 0.062037037037
1 0.375260416667 0.282407407407 0.0505208333333 0.0740740740741
3 0.604166666667 0.271759259259 0.0614583333333 0.075
3 0.940885416667 0.584722222222 0.1171875 0.165740740741
0 0.72734375 0.462037037037 0.0328125 0.131481481481
0 0.353645833333 0.485648148148 0.03125 0.113888888889
0 0.85859375 0.35462962963 0.0192708333333 0.0796296296296
3 0.9609375 0.411574074074 0.0770833333333 0.0842592592593
1 0.428385416667 0.260648148148 0.0296875 0.0546296296296
1 0.3578125 0.248611111111 0.0322916666667 0.0435185185185
1 0.414583333333 0.239351851852 0.028125 0.0398148148148
3 0.419270833333 0.178240740741 0.025 0.0305555555556
3 0.444270833333 0.16712962963 0.0197916666667 0.0324074074074
0 0.903385416667 0.336111111111 0.0130208333333 0.0759259259259
0 0.930208333333 0.347222222222 0.0145833333333 0.0740740740741
1 0.367708333333 0.2125 0.034375 0.037962962963
