0 0.166927083333 0.750925925926 0.0380208333333 0.185185185185
0 0.150260416667 0.695833333333 0.0348958333333 0.167592592593
0 0.06640625 0.646296296296 0.0317708333333 0.148148148148
0 0.161197916667 0.486574074074 0.0234375 0.125
1 0.285677083333 0.603240740741 0.121354166667 0.302777777778
1 0.532552083333 0.657407407407 0.1859375 0.311111111111
1 0.897916666667 0.883796296296 0.2 0.230555555556
1 0.751822916667 0.683333333333 0.200520833333 0.277777777778
1 0.609895833333 0.520833333333 0.130208333333 0.171296296296
1 0.530989583333 0.416203703704 0.0973958333333 0.125
1 0.491927083333 0.335185185185 0.0630208333333 0.0907407407407
1 0.456770833333 0.301388888889 0.053125 0.0731481481481
1 0.434635416667 0.271759259259 0.0401041666667 0.0583333333333
1 0.421875 0.253240740741 0.0375 0.0583333333333
1 0.3765625 0.290277777778 0.0447916666667 0.0657407407407
1 0.317708333333 0.291203703704 0.046875 0.0712962962963
3 0.626041666667 0.325 0.0729166666667 0.0777777777778
3 0.821875 0.39537037037 0.126041666667 0.105555555556
3 0.96171875 0.406018518519 0.0755208333333 0.0842592592593
0 0.886979166667 0.343055555556 0.0197916666667 0.0824074074074
0 0.960677083333 0.355092592593 0.0192708333333 0.075
0 0.690364583333 0.238425925926 0.0130208333333 0.0490740740741
0 0.66796875 0.269907407407 0.0161458333333 0.0490740740741
0 0.571354166667 0.214351851852 0.0114583333333 0.037962962963
0 0.540885416667 0.186574074074 0.00989583333333 0.0342592592593
3 0.383854166667 0.20462962963 0.028125 0.0407407407407
3 0.347916666667 0.200462962963 0.0270833333333 0.037962962963
3 0.36015625 0.172222222222 0.0171875 0.0277777777778
0 0.509375 0.176851851852 0.009375 0.0296296296296
3 0.441927083333 0.159259259259 0.0182291666667 0.0277777777778
3 0.426822916667 0.156944444444 0.0171875 0.0231481481481
