1 0.86796875 0.813425925926 0.252604166667 0.34537037037
1 0.534895833333 0.714351851852 0.176041666667 0.347222222222
1 0.334895833333 0.693981481481 0.127083333333 0.263888888889
1 0.647135416667 0.571296296296 0.1609375 0.231481481481
1 0.574739583333 0.448611111111 0.0963541666667 0.123148148148
1 0.33828125 0.45462962963 0.0703125 0.137037037037
1 0.41796875 0.385648148148 0.0734375 0.113888888889
1 0.50390625 0.363425925926 0.0651041666667 0.0935185185185
1 0.317708333333 0.372222222222 0.059375 0.101851851852
3 0.635677083333 0.279166666667 0.0640625 0.0675925925926
3 0.962239583333 0.405092592593 0.0744791666667 0.087962962963
3 0.488020833333 0.225925925926 0.0354166666667 0.0481481481481
3 0.44296875 0.156018518519 0.0192708333333 0.0361111111111
3 0.424739583333 0.156944444444 0.0171875 0.0305555555556
0 0.789583333333 0.439814814815 0.025 0.101851851852
0 0.908072916667 0.340277777778 0.0203125 0.0694444444444
0 0.537760416667 0.183333333333 0.00885416666667 0.0351851851852
0 0.522916666667 0.182407407407 0.00833333333333 0.0296296296296
0 0.502864583333 0.169444444444 0.00885416666667 0.0296296296296
1 0.386458333333 0.287962962963 0.0458333333333 0.0648148148148
1 0.462239583333 0.307407407407 0.0536458333333 0.0722222222222
1 0.438802083333 0.266203703704 0.0411458333333 0.0564814814815
1 0.415104166667 0.235185185185 0.0364583333333 0.0481481481481
1 0.398697916667 0.219907407407 0.0286458333333 0.0398148148148
1 0.365364583333 0.248611111111 0.0359375 0.0472222222222
1 0.367708333333 0.219907407407 0.0260416666667 0.0398148148148
1 0.382552083333 0.199074074074 0.0255208333333 0.0314814814815
1 0.325260416667 0.218518518519 0.0276041666667 0.0296296296296
