1 0.5734375 0.754166666667 0.182291666667 0.302777777778
1 0.882552083333 0.857407407407 0.227604166667 0.27037037037
1 0.32421875 0.634259259259 0.133854166667 0.244444444444
1 0.64765625 0.423148148148 0.140104166667 0.142592592593
1 0.9296875 0.523611111111 0.139583333333 0.149074074074
3 0.704427083333 0.349074074074 0.0869791666667 0.101851851852
3 0.708854166667 0.291203703704 0.071875 0.0527777777778
3 0.963802083333 0.440740740741 0.0713541666667 0.0611111111111
3 0.963802083333 0.4 0.0713541666667 0.0574074074074
0 0.1765625 0.601851851852 0.0333333333333 0.151851851852
1 0.50703125 0.357407407407 0.0786458333333 0.101851851852
1 0.46328125 0.307407407407 0.0546875 0.0759259259259
1 0.3640625 0.27962962963 0.0447916666667 0.0722222222222
1 0.435677083333 0.268981481481 0.0401041666667 0.0657407407407
3 0.504947916667 0.227314814815 0.0390625 0.0564814814815
1 0.414583333333 0.246296296296 0.0302083333333 0.0462962962963
1 0.3421875 0.244907407407 0.0302083333333 0.0416666666667
1 0.396354166667 0.227314814815 0.03125 0.0472222222222
1 0.359375 0.207407407407 0.0270833333333 0.0425925925926
1 0.329947916667 0.205555555556 0.0234375 0.0333333333333
3 0.44375 0.156944444444 0.01875 0.0268518518519
3 0.426822916667 0.153703703704 0.0151041666667 0.0203703703704
0 0.665364583333 0.231018518519 0.00989583333333 0.0490740740741
0 0.305989583333 0.252777777778 0.0130208333333 0.0462962962963
0 0.521614583333 0.184722222222 0.00572916666667 0.0361111111111
0 0.486979166667 0.166203703704 0.00625 0.0287037037037
0 0.583333333333 0.197685185185 0.00833333333333 0.0361111111111
0 0.594010416667 0.203703703704 0.00885416666667 0.037037037037
3 0.391927083333 0.176388888889 0.0265625 0.0361111111111
