0 0.422916666667 0.781018518519 0.0333333333333 0.191666666667
0 0.378385416667 0.730555555556 0.0359375 0.17962962963
0 0.327864583333 0.537037037037 0.0432291666667 0.153703703704
1 0.292708333333 0.827314814815 0.163541666667 0.334259259259
1 0.480989583333 0.67037037037 0.163020833333 0.274074074074
1 0.901822916667 0.880092592593 0.1953125 0.223148148148
1 0.759375 0.683796296296 0.198958333333 0.269444444444
1 0.616145833333 0.510648148148 0.127083333333 0.160185185185
1 0.439322916667 0.442592592593 0.0921875 0.15
1 0.532552083333 0.410648148148 0.0880208333333 0.121296296296
1 0.50703125 0.338425925926 0.0692708333333 0.0731481481481
1 0.467447916667 0.314351851852 0.0557291666667 0.075
1 0.376302083333 0.29212962963 0.0442708333333 0.0675925925926
3 0.9609375 0.405555555556 0.0770833333333 0.0833333333333
0 0.694791666667 0.305092592593 0.0125 0.062037037037
0 0.703125 0.315740740741 0.0135416666667 0.0518518518519
0 0.779166666667 0.318518518519 0.015625 0.0648148148148
0 0.748177083333 0.306018518519 0.0151041666667 0.062037037037
0 0.709635416667 0.251388888889 0.0119791666667 0.0527777777778
0 0.600260416667 0.239814814815 0.0130208333333 0.0444444444444
0 0.615625 0.2125 0.0114583333333 0.0398148148148
1 0.44296875 0.286111111111 0.0359375 0.0666666666667
1 0.426302083333 0.262962962963 0.0348958333333 0.0555555555556
1 0.406770833333 0.243055555556 0.0291666666667 0.0546296296296
1 0.400260416667 0.225925925926 0.0244791666667 0.0407407407407
1 0.33046875 0.262037037037 0.0307291666667 0.0537037037037
1 0.385677083333 0.197685185185 0.0223958333333 0.0361111111111
1 0.3453125 0.219907407407 0.0270833333333 0.037962962963
3 0.444270833333 0.157407407407 0.0177083333333 0.0259259259259
3 0.426822916667 0.15462962963 0.0140625 0.0203703703704
3 0.44296875 0.187962962963 0.0244791666667 0.0296296296296
0 0.555208333333 0.187037037037 0.009375 0.0351851851852
0 0.50078125 0.168518518519 0.0078125 0.0296296296296
