1 0.291666666667 0.837037037037 0.175 0.303703703704
1 0.316666666667 0.631481481481 0.113541666667 0.216666666667
1 0.478385416667 0.671296296296 0.166145833333 0.264814814815
1 0.895052083333 0.883796296296 0.202604166667 0.230555555556
1 0.754947916667 0.675 0.1984375 0.257407407407
1 0.611979166667 0.515740740741 0.13125 0.166666666667
1 0.878645833333 0.513888888889 0.139583333333 0.153703703704
1 0.686458333333 0.421296296296 0.133333333333 0.131481481481
1 0.53671875 0.418055555556 0.0953125 0.125
1 0.441927083333 0.448148148148 0.0890625 0.153703703704
1 0.33828125 0.405092592593 0.0661458333333 0.110185185185
1 0.309114583333 0.348148148148 0.0442708333333 0.0888888888889
1 0.378125 0.337962962963 0.05 0.0851851851852
1 0.469010416667 0.368055555556 0.113020833333 0.0824074074074
3 0.906510416667 0.443518518519 0.1671875 0.140740740741
0 0.575260416667 0.37037037037 0.0203125 0.0796296296296
3 0.543489583333 0.247222222222 0.0421875 0.062962962963
1 0.48359375 0.310185185185 0.0515625 0.05
1 0.4546875 0.293055555556 0.04375 0.0601851851852
1 0.428645833333 0.272222222222 0.0364583333333 0.0555555555556
1 0.365104166667 0.29212962963 0.0395833333333 0.0583333333333
1 0.416927083333 0.249537037037 0.0307291666667 0.0435185185185
1 0.408854166667 0.226388888889 0.0322916666667 0.0416666666667
1 0.329166666667 0.239351851852 0.0302083333333 0.0490740740741
1 0.365104166667 0.251851851852 0.0395833333333 0.0537037037037
1 0.346875 0.196296296296 0.025 0.0277777777778
1 0.362239583333 0.1875 0.0244791666667 0.0231481481481
1 0.39609375 0.215277777778 0.0286458333333 0.037962962963
3 0.444010416667 0.158333333333 0.0203125 0.0314814814815
3 0.428385416667 0.154166666667 0.0140625 0.0194444444444
0 0.294010416667 0.293981481481 0.0151041666667 0.0546296296296
0 0.664583333333 0.235185185185 0.00833333333333 0.0462962962963
0 0.63046875 0.212962962963 0.00885416666667 0.0351851851852
0 0.615885416667 0.2125 0.0078125 0.0342592592593
0 0.57421875 0.20462962963 0.00885416666667 0.0333333333333
0 0.529166666667 0.180555555556 0.00833333333333 0.0277777777778
