1 0.5796875 0.861111111111 0.186458333333 0.27037037037
1 0.73125 0.650462962963 0.209375 0.258333333333
1 0.55625 0.385648148148 0.107291666667 0.113888888889
1 0.42890625 0.403703703704 0.0880208333333 0.138888888889
3 0.960677083333 0.406481481481 0.0755208333333 0.0907407407407
0 0.308072916667 0.449074074074 0.0286458333333 0.107407407407
1 0.4671875 0.29212962963 0.0541666666667 0.0824074074074
1 0.419270833333 0.325462962963 0.0572916666667 0.0583333333333
1 0.31953125 0.327314814815 0.0463541666667 0.0824074074074
1 0.435416666667 0.263888888889 0.040625 0.0574074074074
1 0.3609375 0.251388888889 0.0322916666667 0.0490740740741
1 0.317708333333 0.264814814815 0.0427083333333 0.062962962963
1 0.41796875 0.241666666667 0.0244791666667 0.0444444444444
1 0.373958333333 0.214814814815 0.0302083333333 0.0388888888889
1 0.406510416667 0.234259259259 0.0255208333333 0.05
3 0.465885416667 0.207407407407 0.0338541666667 0.0351851851852
3 0.433072916667 0.182407407407 0.0234375 0.0314814814815
0 0.573958333333 0.229166666667 0.0135416666667 0.0490740740741
3 0.440104166667 0.155092592593 0.0114583333333 0.025
3 0.46015625 0.17037037037 0.0151041666667 0.0277777777778
3 0.4265625 0.153703703704 0.0135416666667 0.0259259259259
0 0.865104166667 0.319444444444 0.0177083333333 0.0685185185185
0 0.61875 0.2125 0.0104166666667 0.0416666666667
0 0.528385416667 0.181018518519 0.00885416666667 0.0287037037037
