0 0.20625 0.905555555556 0.0520833333333 0.181481481481
0 0.0567708333333 0.778240740741 0.04375 0.173148148148
1 0.436197916667 0.843055555556 0.194270833333 0.312037037037
1 0.4921875 0.550462962963 0.123958333333 0.208333333333
1 0.677083333333 0.554166666667 0.185416666667 0.197222222222
3 0.955208333333 0.527314814815 0.0864583333333 0.108333333333
3 0.9609375 0.408796296296 0.0770833333333 0.075
3 0.68359375 0.35 0.0942708333333 0.0851851851852
1 0.312239583333 0.439814814815 0.0723958333333 0.125925925926
1 0.425520833333 0.411574074074 0.0822916666667 0.119444444444
1 0.492447916667 0.351851851852 0.0598958333333 0.0925925925926
1 0.313541666667 0.337037037037 0.0479166666667 0.0777777777778
1 0.3828125 0.331018518519 0.05 0.0712962962963
1 0.4671875 0.316666666667 0.0479166666667 0.0666666666667
1 0.455208333333 0.273611111111 0.05 0.0601851851852
1 0.43203125 0.260648148148 0.0348958333333 0.0527777777778
1 0.378385416667 0.276388888889 0.0442708333333 0.0564814814815
1 0.418229166667 0.24537037037 0.0270833333333 0.0481481481481
1 0.359375 0.250925925926 0.0302083333333 0.0462962962963
1 0.318229166667 0.247685185185 0.0375 0.0490740740741
1 0.408333333333 0.22962962963 0.0302083333333 0.0425925925926
1 0.373697916667 0.213888888889 0.0307291666667 0.0333333333333
1 0.340625 0.226388888889 0.0260416666667 0.0361111111111
3 0.458333333333 0.168518518519 0.021875 0.0259259259259
0 0.538541666667 0.183333333333 0.00833333333333 0.0314814814815
0 0.584114583333 0.199537037037 0.00572916666667 0.0324074074074
