1 0.3421875 0.804166666667 0.147916666667 0.330555555556
1 0.605729166667 0.833796296296 0.240625 0.330555555556
1 0.66953125 0.569444444444 0.166145833333 0.235185185185
1 0.901302083333 0.837037037037 0.196354166667 0.318518518519
1 0.519010416667 0.419444444444 0.113020833333 0.138888888889
1 0.326041666667 0.436111111111 0.0697916666667 0.125925925926
1 0.40546875 0.350462962963 0.0619791666667 0.113888888889
1 0.325520833333 0.348611111111 0.0458333333333 0.0638888888889
1 0.319791666667 0.302777777778 0.0458333333333 0.0537037037037
1 0.469010416667 0.312037037037 0.0515625 0.0722222222222
1 0.500520833333 0.342592592593 0.0697916666667 0.0592592592593
1 0.380989583333 0.298611111111 0.0484375 0.0657407407407
1 0.444270833333 0.277777777778 0.0427083333333 0.0574074074074
1 0.427083333333 0.255555555556 0.0364583333333 0.0518518518519
1 0.41171875 0.234259259259 0.0307291666667 0.0444444444444
1 0.378385416667 0.260648148148 0.0380208333333 0.0416666666667
1 0.365885416667 0.242592592593 0.0317708333333 0.0444444444444
1 0.39765625 0.223148148148 0.0265625 0.0407407407407
1 0.381770833333 0.2 0.0229166666667 0.0314814814815
3 0.468489583333 0.186111111111 0.0317708333333 0.0351851851852
3 0.443489583333 0.15787037037 0.0203125 0.0305555555556
3 0.427604166667 0.155092592593 0.0145833333333 0.0212962962963
0 0.496875 0.168518518519 0.00729166666667 0.0296296296296
0 0.521875 0.181481481481 0.00729166666667 0.0296296296296
0 0.5265625 0.177777777778 0.00833333333333 0.0296296296296
0 0.285677083333 0.284259259259 0.0119791666667 0.0518518518519
1 0.325520833333 0.215277777778 0.0270833333333 0.0305555555556
0 0.236458333333 0.586111111111 0.03125 0.162962962963
3 0.941666666667 0.452314814815 0.115625 0.0972222222222
3 0.96015625 0.397222222222 0.0786458333333 0.0685185185185
0 0.816927083333 0.303703703704 0.0182291666667 0.0666666666667
0 0.0661458333333 0.797222222222 0.046875 0.198148148148
0 0.0296875 0.825925925926 0.04375 0.175925925926
0 0.541927083333 0.338425925926 0.0223958333333 0.0805555555556
