1 0.755729166667 0.684722222222 0.208333333333 0.310185185185
1 0.5796875 0.480092592593 0.130208333333 0.182407407407
1 0.3265625 0.50787037037 0.08125 0.165740740741
1 0.430729166667 0.431018518519 0.0864583333333 0.162037037037
1 0.53046875 0.38287037037 0.0786458333333 0.0935185185185
1 0.329947916667 0.391203703704 0.0567708333333 0.0990740740741
1 0.390885416667 0.318981481481 0.0526041666667 0.0824074074074
1 0.48125 0.329166666667 0.05625 0.0768518518519
1 0.31875 0.329166666667 0.0447916666667 0.0694444444444
1 0.447135416667 0.284722222222 0.0453125 0.0675925925926
1 0.430729166667 0.256944444444 0.0385416666667 0.0546296296296
1 0.379166666667 0.268981481481 0.0395833333333 0.0546296296296
1 0.41171875 0.235185185185 0.0307291666667 0.0462962962963
1 0.398177083333 0.22037037037 0.0255208333333 0.0425925925926
1 0.381510416667 0.201851851852 0.0244791666667 0.0351851851852
1 0.36484375 0.243055555556 0.0286458333333 0.0453703703704
1 0.325 0.221759259259 0.03125 0.037962962963
3 0.660677083333 0.3625 0.0932291666667 0.0842592592593
3 0.759114583333 0.358333333333 0.0838541666667 0.0796296296296
3 0.436458333333 0.17962962963 0.0270833333333 0.0314814814815
3 0.44296875 0.155092592593 0.0140625 0.025
3 0.42734375 0.153703703704 0.0161458333333 0.0203703703704
0 0.60859375 0.375925925926 0.0223958333333 0.0888888888889
0 0.271875 0.288425925926 0.0114583333333 0.0546296296296
0 0.5 0.167592592593 0.00729166666667 0.0314814814815
0 0.521614583333 0.181481481481 0.00885416666667 0.0277777777778
0 0.86015625 0.319907407407 0.0151041666667 0.0638888888889
0 0.1984375 0.888888888889 0.0572916666667 0.198148148148
