1 0.297135416667 0.843518518519 0.1765625 0.311111111111
1 0.48046875 0.676851851852 0.174479166667 0.261111111111
1 0.320833333333 0.64212962963 0.107291666667 0.221296296296
1 0.75234375 0.68287037037 0.191145833333 0.267592592593
1 0.9046875 0.87962962963 0.189583333333 0.22962962963
1 0.611458333333 0.512037037037 0.132291666667 0.17037037037
1 0.440364583333 0.447222222222 0.0921875 0.148148148148
1 0.5375 0.42037037037 0.09375 0.12962962963
1 0.340104166667 0.406944444444 0.071875 0.110185185185
1 0.40390625 0.375 0.0692708333333 0.0962962962963
1 0.49453125 0.35462962963 0.0661458333333 0.0944444444444
1 0.309895833333 0.349537037037 0.053125 0.0824074074074
1 0.378645833333 0.327314814815 0.046875 0.0712962962963
1 0.46640625 0.308796296296 0.0463541666667 0.075
1 0.453385416667 0.274537037037 0.0463541666667 0.062037037037
0 0.6234375 0.386574074074 0.0291666666667 0.0972222222222
0 0.267708333333 0.445833333333 0.0270833333333 0.113888888889
0 0.827083333333 0.326388888889 0.0197916666667 0.0712962962963
0 0.861458333333 0.325462962963 0.0177083333333 0.075
0 0.883072916667 0.325462962963 0.0203125 0.0675925925926
0 0.945572916667 0.35 0.0140625 0.0703703703704
0 0.959635416667 0.361111111111 0.0140625 0.0537037037037
3 0.92421875 0.490740740741 0.1421875 0.146296296296
3 0.962239583333 0.406481481481 0.0744791666667 0.0796296296296
1 0.37578125 0.278240740741 0.0411458333333 0.0601851851852
1 0.31171875 0.295833333333 0.0411458333333 0.0527777777778
1 0.429166666667 0.260185185185 0.0354166666667 0.0611111111111
1 0.41640625 0.244444444444 0.0317708333333 0.0481481481481
1 0.36015625 0.251388888889 0.0307291666667 0.0435185185185
1 0.403125 0.22962962963 0.03125 0.0407407407407
1 0.395052083333 0.212037037037 0.0223958333333 0.0314814814815
1 0.35625 0.231018518519 0.0291666666667 0.0305555555556
1 0.362760416667 0.209259259259 0.0317708333333 0.0296296296296
1 0.361197916667 0.185648148148 0.0171875 0.025
1 0.324739583333 0.212037037037 0.0234375 0.0296296296296
3 0.4625 0.185648148148 0.025 0.0305555555556
3 0.433333333333 0.184259259259 0.0239583333333 0.0277777777778
3 0.444010416667 0.157407407407 0.0161458333333 0.0259259259259
3 0.426822916667 0.154166666667 0.0171875 0.0231481481481
2 0.382552083333 0.180555555556 0.0296875 0.0240740740741
