3 0.54224537037 0.43994140625 0.108410493827 0.1298828125
3 0.400077160494 0.427001953125 0.101080246914 0.11572265625
3 0.315007716049 0.694580078125 0.174768518519 0.22119140625
3 0.537037037037 0.333740234375 0.0686728395062 0.08251953125
3 0.455054012346 0.288818359375 0.0543981481481 0.07470703125
3 0.514081790123 0.23779296875 0.0420524691358 0.048828125
3 0.603395061728 0.233154296875 0.087962962963 0.13720703125
1 0.212770061728 0.312255859375 0.0952932098765 0.08544921875
1 0.310185185185 0.230224609375 0.0347222222222 0.03564453125
1 0.423804012346 0.2421875 0.0428240740741 0.048828125
1 0.443287037037 0.213623046875 0.037037037037 0.03271484375
1 0.365547839506 0.196533203125 0.0783179012346 0.13623046875
1 0.456018518519 0.184326171875 0.0270061728395 0.03466796875
1 0.475308641975 0.169921875 0.0270061728395 0.0263671875
1 0.491319444444 0.1474609375 0.0235339506173 0.0263671875
0 0.780671296296 0.281005859375 0.0235339506173 0.06591796875
