3 0.386766975309 0.492431640625 0.106095679012 0.13720703125
3 0.527199074074 0.4755859375 0.0999228395062 0.1435546875
3 0.253665123457 0.861083984375 0.288194444444 0.27587890625
3 0.558834876543 0.908447265625 0.238040123457 0.18212890625
0 0.224729938272 0.645751953125 0.0520833333333 0.14501953125
0 0.766782407407 0.388916015625 0.0320216049383 0.09521484375
0 0.660300925926 0.257568359375 0.0266203703704 0.06982421875
2 0.833719135802 0.33447265625 0.144290123457 0.07421875
2 0.816936728395 0.28662109375 0.123842592593 0.07421875
3 0.528163580247 0.359619140625 0.0771604938272 0.08837890625
3 0.52700617284 0.287353515625 0.054012345679 0.05908203125
3 0.546103395062 0.230224609375 0.0358796296296 0.04052734375
3 0.478587962963 0.241455078125 0.0551697530864 0.07666015625
1 0.14525462963 0.45361328125 0.117669753086 0.1455078125
1 0.226273148148 0.320556640625 0.0698302469136 0.09521484375
1 0.369984567901 0.23779296875 0.045524691358 0.0478515625
1 0.423804012346 0.23681640625 0.0497685185185 0.0595703125
1 0.44174382716 0.214111328125 0.0378086419753 0.04345703125
1 0.370949074074 0.20361328125 0.0281635802469 0.0400390625
1 0.390817901235 0.19140625 0.0277777777778 0.03125
1 0.434220679012 0.181640625 0.0281635802469 0.0263671875
1 0.316358024691 0.206298828125 0.0856481481481 0.10302734375
3 0.570987654321 0.19677734375 0.0324074074074 0.03125
3 0.538966049383 0.181884765625 0.0262345679012 0.02099609375
3 0.545910493827 0.15771484375 0.0216049382716 0.021484375
3 0.517554012346 0.164794921875 0.0250771604938 0.01806640625
3 0.52700617284 0.139892578125 0.0223765432099 0.01611328125
3 0.55150462963 0.12646484375 0.0158179012346 0.0126953125
3 0.499035493827 0.21142578125 0.0320216049383 0.0361328125
1 0.449074074074 0.146728515625 0.0239197530864 0.01806640625
3 0.531635802469 0.1201171875 0.0154320987654 0.0126953125
