3 0.523533950617 0.60693359375 0.145833333333 0.1865234375
3 0.24324845679 0.892578125 0.260416666667 0.2138671875
0 0.154706790123 0.760986328125 0.054012345679 0.15576171875
1 0.134837962963 0.423095703125 0.106095679012 0.12939453125
1 0.23861882716 0.32080078125 0.0821759259259 0.0869140625
3 0.530478395062 0.409423828125 0.096450617284 0.09912109375
0 0.764274691358 0.38720703125 0.0362654320988 0.091796875
2 0.83236882716 0.3330078125 0.155478395062 0.0869140625
2 0.823302469136 0.289306640625 0.135030864198 0.06787109375
0 0.66049382716 0.257568359375 0.0239197530864 0.06689453125
3 0.432098765432 0.333251953125 0.087962962963 0.12353515625
3 0.540509259259 0.283447265625 0.054012345679 0.06103515625
1 0.293595679012 0.251953125 0.0570987654321 0.0634765625
3 0.466435185185 0.26806640625 0.0601851851852 0.0556640625
3 0.50675154321 0.24560546875 0.0443672839506 0.0478515625
3 0.559027777778 0.210693359375 0.0462962962963 0.03662109375
3 0.51774691358 0.1923828125 0.0270061728395 0.0283203125
3 0.544945987654 0.17578125 0.0250771604938 0.0263671875
3 0.522762345679 0.15283203125 0.0216049382716 0.0234375
3 0.560956790123 0.151123046875 0.0200617283951 0.02197265625
1 0.422260802469 0.2353515625 0.0412808641975 0.05078125
1 0.388888888889 0.2197265625 0.0401234567901 0.046875
1 0.441936728395 0.2177734375 0.0358796296296 0.04296875
1 0.362847222222 0.182373046875 0.0644290123457 0.07373046875
2 0.676697530864 0.228271484375 0.0810185185185 0.04345703125
3 0.546489197531 0.140869140625 0.0150462962963 0.01611328125
3 0.532407407407 0.117919921875 0.0146604938272 0.01416015625
3 0.530671296296 0.130126953125 0.0173611111111 0.01220703125
1 0.403742283951 0.180419921875 0.0204475308642 0.02490234375
