0 0.271026234568 0.51220703125 0.0335648148148 0.125
0 0.765432098765 0.385009765625 0.0385802469136 0.10205078125
0 0.657214506173 0.251220703125 0.0266203703704 0.07177734375
3 0.532986111111 0.480224609375 0.0952932098765 0.13330078125
3 0.41300154321 0.435791015625 0.107638888889 0.12939453125
1 0.119020061728 0.509765625 0.146219135802 0.18359375
1 0.169174382716 0.382568359375 0.0952932098765 0.10107421875
3 0.530478395062 0.323974609375 0.0817901234568 0.08837890625
1 0.248263888889 0.303466796875 0.0644290123457 0.07080078125
1 0.293016975309 0.250244140625 0.0497685185185 0.05810546875
1 0.365354938272 0.24072265625 0.0470679012346 0.052734375
1 0.424961419753 0.238525390625 0.0520833333333 0.05712890625
3 0.474151234568 0.27734375 0.0547839506173 0.0654296875
3 0.555169753086 0.2353515625 0.0393518518519 0.0419921875
1 0.377893518519 0.18798828125 0.0343364197531 0.0302734375
3 0.500964506173 0.219482421875 0.039737654321 0.04541015625
3 0.50675154321 0.191650390625 0.0343364197531 0.02685546875
3 0.523726851852 0.15625 0.0297067901235 0.0322265625
3 0.55825617284 0.196533203125 0.0308641975309 0.03271484375
3 0.551311728395 0.147705078125 0.0223765432099 0.01904296875
1 0.410686728395 0.196044921875 0.0297067901235 0.02685546875
1 0.473572530864 0.133544921875 0.022762345679 0.02001953125
1 0.500385802469 0.13232421875 0.016975308642 0.01953125
1 0.443287037037 0.164794921875 0.0239197530864 0.02783203125
1 0.441358024691 0.212890625 0.0324074074074 0.0361328125
3 0.533179012346 0.127197265625 0.0162037037037 0.01806640625
