3 0.516396604938 0.777099609375 0.177083333333 0.26123046875
3 0.547839506173 0.4697265625 0.10262345679 0.146484375
0 0.271797839506 0.5107421875 0.0351080246914 0.1279296875
0 0.310763888889 0.357421875 0.0266203703704 0.0927734375
0 0.337384259259 0.3330078125 0.0289351851852 0.0869140625
0 0.76774691358 0.384765625 0.0362654320988 0.111328125
3 0.193865740741 0.9228515625 0.226466049383 0.146484375
1 0.0474537037037 0.5869140625 0.0902777777778 0.171875
0 0.653356481481 0.255126953125 0.0219907407407 0.06787109375
0 0.881944444444 0.26806640625 0.0216049382716 0.0634765625
3 0.453317901235 0.326171875 0.0763888888889 0.08984375
3 0.476658950617 0.251220703125 0.0543981481481 0.05810546875
1 0.226466049383 0.3271484375 0.0779320987654 0.0859375
1 0.365547839506 0.241943359375 0.0451388888889 0.05419921875
1 0.427469135802 0.23974609375 0.0493827160494 0.05859375
3 0.505979938272 0.205810546875 0.0381944444444 0.04541015625
3 0.55787037037 0.22509765625 0.0702160493827 0.134765625
1 0.388695987654 0.22119140625 0.0343364197531 0.0439453125
1 0.387152777778 0.18701171875 0.0289351851852 0.029296875
1 0.407407407407 0.174560546875 0.025462962963 0.03173828125
1 0.421875 0.167236328125 0.0219907407407 0.02392578125
1 0.450810185185 0.164794921875 0.0219907407407 0.02001953125
1 0.439043209877 0.2138671875 0.0362654320988 0.0390625
3 0.514081790123 0.170166015625 0.0235339506173 0.02099609375
3 0.524112654321 0.155029296875 0.0204475308642 0.02294921875
3 0.55574845679 0.129638671875 0.0150462962963 0.01611328125
