3 0.543595679012 0.844970703125 0.180555555556 0.28662109375
3 0.281057098765 0.84814453125 0.222608024691 0.302734375
3 0.557291666667 0.462158203125 0.0976080246914 0.13134765625
3 0.413966049383 0.43994140625 0.104938271605 0.1572265625
3 0.527970679012 0.336669921875 0.0698302469136 0.08544921875
3 0.541859567901 0.273681640625 0.0613425925926 0.05322265625
0 0.274112654321 0.51123046875 0.0374228395062 0.1220703125
0 0.306134259259 0.3271484375 0.03125 0.0869140625
0 0.766010802469 0.38427734375 0.0327932098765 0.09765625
0 0.655092592593 0.253173828125 0.0185185185185 0.06494140625
1 0.240354938272 0.27880859375 0.0856481481481 0.072265625
1 0.293209876543 0.258056640625 0.0462962962963 0.05224609375
1 0.366319444444 0.241943359375 0.0451388888889 0.04833984375
3 0.468942901235 0.26416015625 0.0551697530864 0.0556640625
3 0.552083333333 0.22216796875 0.0385802469136 0.0419921875
3 0.495949074074 0.224853515625 0.0451388888889 0.04541015625
3 0.511574074074 0.19287109375 0.0277777777778 0.0302734375
3 0.590470679012 0.2021484375 0.0412808641975 0.0380859375
1 0.34162808642 0.213134765625 0.0466820987654 0.04150390625
1 0.377507716049 0.1982421875 0.0304783950617 0.0283203125
1 0.421103395062 0.185302734375 0.03125 0.03662109375
1 0.425540123457 0.24072265625 0.0524691358025 0.05859375
1 0.440393518519 0.21533203125 0.039737654321 0.0390625
1 0.458719135802 0.19189453125 0.0331790123457 0.0419921875
3 0.562692901235 0.17529296875 0.0366512345679 0.0498046875
3 0.52237654321 0.15234375 0.0239197530864 0.021484375
1 0.476273148148 0.13330078125 0.0173611111111 0.0185546875
3 0.52662037037 0.136474609375 0.0177469135802 0.02001953125
1 0.50462962963 0.125 0.0154320987654 0.0166015625
1 0.487847222222 0.12158203125 0.0150462962963 0.015625
