3 0.556520061728 0.748779296875 0.174768518519 0.25048828125
3 0.368827160494 0.54833984375 0.149691358025 0.1787109375
3 0.534529320988 0.463623046875 0.107638888889 0.13720703125
3 0.420717592593 0.371337890625 0.0844907407407 0.09619140625
3 0.534336419753 0.33251953125 0.070987654321 0.0869140625
3 0.480324074074 0.28955078125 0.0617283950617 0.08203125
3 0.541087962963 0.22998046875 0.0505401234568 0.0517578125
3 0.50212191358 0.2099609375 0.0435956790123 0.041015625
3 0.554205246914 0.17919921875 0.0320216049383 0.0263671875
3 0.52662037037 0.14306640625 0.0223765432099 0.0205078125
1 0.423032407407 0.244384765625 0.0505401234568 0.05126953125
1 0.439814814815 0.21923828125 0.0401234567901 0.037109375
1 0.451388888889 0.196533203125 0.0347222222222 0.03662109375
1 0.472800925926 0.1650390625 0.0281635802469 0.0234375
1 0.282986111111 0.2216796875 0.0883487654321 0.1123046875
1 0.366512345679 0.199462890625 0.0864197530864 0.12451171875
1 0.476273148148 0.13525390625 0.0196759259259 0.017578125
1 0.496720679012 0.140380859375 0.0173611111111 0.02099609375
2 0.938078703704 0.222900390625 0.119212962963 0.08837890625
