3 0.516396604938 0.62451171875 0.13850308642 0.1845703125
3 0.511188271605 0.87109375 0.20987654321 0.2568359375
3 0.295331790123 0.65576171875 0.166280864198 0.216796875
3 0.183063271605 0.874267578125 0.272762345679 0.25048828125
3 0.788966049383 0.660400390625 0.396604938272 0.66845703125
2 0.776813271605 0.301025390625 0.155478395062 0.07763671875
2 0.492862654321 0.310302734375 0.125385802469 0.09326171875
2 0.532214506173 0.280517578125 0.119212962963 0.07958984375
1 0.189043209877 0.32470703125 0.0918209876543 0.0888671875
1 0.0422453703704 0.77685546875 0.0844907407407 0.2333984375
3 0.585262345679 0.201171875 0.0401234567901 0.0380859375
1 0.293981481481 0.25830078125 0.0532407407407 0.0546875
1 0.36149691358 0.2412109375 0.0486111111111 0.0556640625
1 0.426311728395 0.248291015625 0.0478395061728 0.06494140625
3 0.538966049383 0.18017578125 0.0300925925926 0.029296875
3 0.551311728395 0.140380859375 0.0185185185185 0.02099609375
3 0.543788580247 0.12548828125 0.0181327160494 0.0146484375
1 0.385416666667 0.192626953125 0.0331790123457 0.02392578125
1 0.396412037037 0.213623046875 0.0304783950617 0.03662109375
1 0.458912037037 0.19140625 0.0412808641975 0.0322265625
