3 0.120457848837 0.716259057971 0.105014534884 0.101902173913
3 0.0497819767442 0.863903985507 0.0813953488372 0.128170289855
3 0.367914244186 0.704483695652 0.171875 0.19972826087
3 0.662245639535 0.630434782609 0.168968023256 0.185688405797
3 0.367914244186 0.913043478261 0.196584302326 0.173007246377
3 0.731286337209 0.842844202899 0.249636627907 0.245471014493
3 0.904614825581 0.654664855072 0.190043604651 0.187952898551
2 0.901707848837 0.386775362319 0.189316860465 0.123188405797
0 0.489462209302 0.453125 0.0414244186047 0.115489130435
0 0.589026162791 0.415760869565 0.0377906976744 0.103260869565
0 0.856831395349 0.475543478261 0.0341569767442 0.125
2 0.841206395349 0.271286231884 0.178052325581 0.121376811594
