3 0.369731104651 0.670969202899 0.160247093023 0.214221014493
3 0.672965116279 0.62794384058 0.207848837209 0.33106884058
3 0.814680232558 0.484375 0.100290697674 0.11277173913
3 0.91042877907 0.62160326087 0.174055232558 0.177989130435
3 0.375363372093 0.906702898551 0.214389534884 0.179347826087
3 0.473292151163 0.461503623188 0.111555232558 0.123188405797
3 0.521257267442 0.38428442029 0.0977470930233 0.109148550725
3 0.531431686047 0.322690217391 0.0875726744186 0.0701992753623
3 0.677325581395 0.39696557971 0.0988372093023 0.0747282608696
3 0.724382267442 0.323596014493 0.0752180232558 0.0656702898551
3 0.834665697674 0.38134057971 0.077761627907 0.0778985507246
3 0.79269622093 0.278079710145 0.0490552325581 0.0498188405797
3 0.612827034884 0.254755434783 0.0403343023256 0.0656702898551
3 0.65679505814 0.268795289855 0.062863372093 0.09375
3 0.748183139535 0.268115942029 0.0552325581395 0.054347826087
