3 0.369004360465 0.713088768116 0.163880813953 0.214221014493
3 0.66351744186 0.633378623188 0.176598837209 0.179800724638
3 0.73382994186 0.847599637681 0.256904069767 0.251358695652
3 0.369004360465 0.915307971014 0.226380813953 0.16847826087
3 0.8984375 0.646059782609 0.187863372093 0.176177536232
2 0.365007267442 0.403759057971 0.191497093023 0.085597826087
2 0.339389534884 0.510416666667 0.0327034883721 0.108695652174
0 0.45257994186 0.498867753623 0.031613372093 0.116394927536
0 0.351744186047 0.470108695652 0.0225290697674 0.0860507246377
0 0.375 0.490262681159 0.0334302325581 0.0991847826087
0 0.452034883721 0.460144927536 0.030523255814 0.106884057971
0 0.555777616279 0.507019927536 0.031613372093 0.109148550725
0 0.551235465116 0.431612318841 0.0232558139535 0.0842391304348
0 0.630450581395 0.495697463768 0.03125 0.105525362319
0 0.701308139535 0.482336956522 0.0283430232558 0.116847826087
0 0.738372093023 0.495923913043 0.0247093023256 0.114130434783
0 0.795784883721 0.455163043478 0.0268895348837 0.0905797101449
0 0.86664244186 0.517663043478 0.0283430232558 0.108695652174
0 0.908248546512 0.458333333333 0.0250726744186 0.0951086956522
3 0.888081395349 0.264492753623 0.0574127906977 0.0652173913043
3 0.760901162791 0.262454710145 0.0479651162791 0.0511775362319
3 0.638626453488 0.307291666667 0.0664970930233 0.0548007246377
3 0.619367732558 0.275135869565 0.0439680232558 0.0384963768116
