3 0.354106104651 0.72803442029 0.174055232558 0.249547101449
3 0.428052325581 0.554574275362 0.138808139535 0.15625
3 0.470748546512 0.449954710145 0.11664244186 0.128170289855
3 0.640443313953 0.55321557971 0.142805232558 0.171648550725
3 0.813953488372 0.845108695652 0.226744186047 0.25
3 0.922238372093 0.656023550725 0.154796511628 0.184329710145
3 0.650436046512 0.441576086957 0.115552325581 0.107789855072
3 0.689861918605 0.374547101449 0.0890261627907 0.0797101449275
3 0.664789244186 0.313179347826 0.0737645348837 0.0765398550725
3 0.753815406977 0.283061594203 0.0563226744186 0.0625
3 0.474382267442 0.389039855072 0.0839389534884 0.0688405797101
3 0.557049418605 0.337635869565 0.0988372093023 0.115489130435
