3 0.359738372093 0.706974637681 0.172965116279 0.204710144928
3 0.658611918605 0.630434782609 0.186409883721 0.182971014493
3 0.733284883721 0.84375 0.268168604651 0.24365942029
3 0.896620639535 0.640625 0.17914244186 0.16259057971
3 0.8515625 0.329030797101 0.0766715116279 0.0765398550725
3 0.73074127907 0.307065217391 0.0603197674419 0.0670289855072
3 0.549963662791 0.341259057971 0.0730377906977 0.0819746376812
3 0.619186046512 0.301630434783 0.0675872093023 0.0597826086957
0 0.315952034884 0.515625 0.0352470930233 0.11277173913
0 0.393531976744 0.51268115942 0.0428779069767 0.125
0 0.490007267442 0.507925724638 0.0352470930233 0.121829710145
0 0.533430232558 0.467844202899 0.03125 0.0951086956522
0 0.751271802326 0.460824275362 0.0337936046512 0.115489130435
0 0.607194767442 0.46240942029 0.0363372093023 0.103260869565
0 0.337209302326 0.445425724638 0.0297965116279 0.09375
0 0.55414244186 0.44044384058 0.0268895348837 0.067481884058
0 0.740007267442 0.39990942029 0.0265261627907 0.070652173913
3 0.886627906977 0.273550724638 0.0646802325581 0.0471014492754
