3 0.329033430233 0.913722826087 0.236555232558 0.171648550725
3 0.431686046512 0.605525362319 0.131540697674 0.170289855072
3 0.704396802326 0.66553442029 0.160247093023 0.184329710145
3 0.887354651163 0.553668478261 0.132994186047 0.139039855072
3 0.716933139535 0.502264492754 0.112645348837 0.120471014493
3 0.476199127907 0.449954710145 0.120276162791 0.115489130435
3 0.634265988372 0.430480072464 0.0875726744186 0.0892210144928
3 0.838299418605 0.411005434783 0.105377906977 0.10009057971
3 0.501453488372 0.352355072464 0.0901162790698 0.0797101449275
3 0.626090116279 0.349411231884 0.0763081395349 0.0701992753623
3 0.77707122093 0.338315217391 0.062863372093 0.0606884057971
3 0.725109011628 0.299139492754 0.0737645348837 0.0765398550725
3 0.5703125 0.310914855072 0.0650436046512 0.0593297101449
3 0.92605377907 0.324954710145 0.062863372093 0.0593297101449
3 0.852834302326 0.29393115942 0.0588662790698 0.0561594202899
0 0.273255813953 0.450634057971 0.0348837209302 0.107789855072
