3 0.413699127907 0.713994565217 0.160247093023 0.19972826087
3 0.728742732558 0.767889492754 0.194404069767 0.223278985507
3 0.920239825581 0.636322463768 0.158793604651 0.185688405797
3 0.608466569767 0.521059782609 0.126816860465 0.141757246377
3 0.465661337209 0.50928442029 0.121729651163 0.130887681159
3 0.697492732558 0.430480072464 0.0992005813953 0.101902173913
3 0.689316860465 0.358695652174 0.0799418604651 0.0923913043478
3 0.453851744186 0.401494565217 0.0901162790698 0.09375
3 0.530159883721 0.354846014493 0.0748546511628 0.0874094202899
3 0.581031976744 0.310235507246 0.0690406976744 0.0643115942029
3 0.879905523256 0.41259057971 0.0875726744186 0.11231884058
3 0.843386627907 0.321105072464 0.0828488372093 0.0733695652174
3 0.736373546512 0.310235507246 0.0664970930233 0.0606884057971
3 0.698764534884 0.264945652174 0.0537790697674 0.0480072463768
0 0.269622093023 0.457880434783 0.0399709302326 0.11231884058
