3 0.742005813953 0.845788043478 0.250726744186 0.292119565217
3 0.389353197674 0.692934782609 0.156613372093 0.192028985507
3 0.635356104651 0.560688405797 0.132630813953 0.146739130435
3 0.847747093023 0.56544384058 0.146802325581 0.134510869565
3 0.416061046512 0.536684782609 0.11773255814 0.120471014493
3 0.735646802326 0.435914855072 0.102834302326 0.11277173913
3 0.682412790698 0.359601449275 0.0712209302326 0.0625
3 0.488917151163 0.349184782609 0.160247093023 0.220108695652
3 0.635537790698 0.246150362319 0.0726744186047 0.104619565217
3 0.721838662791 0.246829710145 0.0853924418605 0.13134057971
