3 0.39480377907 0.676403985507 0.158066860465 0.17527173913
3 0.660610465116 0.631114130435 0.172965116279 0.171648550725
3 0.922783430233 0.628170289855 0.153706395349 0.17481884058
3 0.501998546512 0.427309782609 0.11664244186 0.113677536232
3 0.620457848837 0.46240942029 0.110101744186 0.13134057971
3 0.919331395349 0.445199275362 0.109011627907 0.0969202898551
3 0.868459302326 0.349411231884 0.093023255814 0.0765398550725
3 0.54324127907 0.35009057971 0.0915697674419 0.0688405797101
3 0.62917877907 0.300045289855 0.0679505813953 0.0747282608696
3 0.688771802326 0.86231884058 0.274345930233 0.23097826087
3 0.680414244186 0.39696557971 0.0803052325581 0.0656702898551
0 0.273800872093 0.45652173913 0.0388808139535 0.11231884058
3 0.706940406977 0.331295289855 0.0701308139535 0.0620471014493
