3 0.276041666667 0.578857421875 0.144675925926 0.17236328125
3 0.472415123457 0.435302734375 0.106095679012 0.10498046875
3 0.409722222222 0.33935546875 0.079475308642 0.083984375
3 0.604359567901 0.44677734375 0.0952932098765 0.119140625
3 0.575424382716 0.326171875 0.0736882716049 0.08203125
3 0.676697530864 0.287353515625 0.070987654321 0.06884765625
3 0.521219135802 0.286376953125 0.054012345679 0.05810546875
3 0.41763117284 0.852783203125 0.213348765432 0.29345703125
3 0.517554012346 0.23388671875 0.039737654321 0.0439453125
1 0.0889274691358 0.33935546875 0.106095679012 0.08984375
3 0.570216049383 0.204833984375 0.0347222222222 0.03564453125
3 0.488425925926 0.20751953125 0.037037037037 0.0322265625
3 0.484375 0.185546875 0.0297067901235 0.025390625
3 0.52662037037 0.174072265625 0.0246913580247 0.02587890625
3 0.494598765432 0.16552734375 0.0277777777778 0.0244140625
3 0.555362654321 0.18212890625 0.0235339506173 0.021484375
3 0.563078703704 0.16796875 0.0266203703704 0.0185546875
1 0.407021604938 0.182861328125 0.0316358024691 0.02783203125
1 0.35262345679 0.197265625 0.0702160493827 0.1015625
0 0.702739197531 0.574951171875 0.0459104938272 0.13134765625
0 0.762924382716 0.74267578125 0.0675154320988 0.189453125
0 0.804591049383 0.663330078125 0.0443672839506 0.13427734375
