3 0.472415123457 0.700927734375 0.159336419753 0.21533203125
3 0.258487654321 0.68798828125 0.177469135802 0.22265625
3 0.116898148148 0.90673828125 0.229166666667 0.1787109375
3 0.80150462963 0.712890625 0.380787037037 0.5537109375
0 0.151813271605 0.419677734375 0.0266203703704 0.08837890625
0 0.127314814815 0.427490234375 0.028549382716 0.09326171875
0 0.124807098765 0.318115234375 0.0235339506173 0.06787109375
0 0.435570987654 0.525634765625 0.0439814814815 0.12060546875
0 0.579089506173 0.445068359375 0.0447530864198 0.10791015625
1 0.220100308642 0.2568359375 0.0590277777778 0.0576171875
1 0.306327160494 0.2431640625 0.0462962962963 0.0517578125
1 0.378472222222 0.246337890625 0.0478395061728 0.05712890625
1 0.263888888889 0.230224609375 0.045524691358 0.04931640625
1 0.331211419753 0.224609375 0.0335648148148 0.0400390625
1 0.436149691358 0.167236328125 0.0304783950617 0.02783203125
1 0.465470679012 0.149658203125 0.0266203703704 0.02294921875
1 0.40412808642 0.170654296875 0.0250771604938 0.02197265625
1 0.364776234568 0.201416015625 0.0297067901235 0.02880859375
