3 0.697916666667 0.725830078125 0.180555555556 0.21044921875
3 0.450038580247 0.851806640625 0.19637345679 0.27587890625
3 0.492283950617 0.496337890625 0.104938271605 0.12646484375
3 0.280092592593 0.582275390625 0.162808641975 0.16748046875
3 0.386766975309 0.396484375 0.0868055555556 0.1005859375
3 0.480324074074 0.33154296875 0.0663580246914 0.078125
3 0.4375 0.284912109375 0.0509259259259 0.06103515625
1 0.125771604938 0.489501953125 0.148148148148 0.15283203125
1 0.324266975309 0.298828125 0.065200617284 0.0703125
1 0.222800925926 0.3056640625 0.0721450617284 0.068359375
1 0.136766975309 0.364501953125 0.0929783950617 0.08837890625
3 0.621334876543 0.34912109375 0.160108024691 0.30859375
1 0.200810185185 0.263427734375 0.0675154320988 0.05419921875
1 0.31712962963 0.23828125 0.0478395061728 0.0615234375
1 0.376350308642 0.238525390625 0.0451388888889 0.05029296875
3 0.521026234568 0.248291015625 0.039737654321 0.04638671875
3 0.453317901235 0.224609375 0.0362654320988 0.0419921875
3 0.471450617284 0.198974609375 0.0354938271605 0.03173828125
3 0.515625 0.220703125 0.0366512345679 0.029296875
1 0.119791666667 0.31201171875 0.0945216049383 0.0654296875
1 0.138695987654 0.250244140625 0.0489969135802 0.05712890625
1 0.278742283951 0.205810546875 0.0744598765432 0.10595703125
