3 0.415702160494 0.307861328125 0.0628858024691 0.07958984375
3 0.370563271605 0.39404296875 0.0906635802469 0.0927734375
3 0.494598765432 0.440673828125 0.087962962963 0.10693359375
3 0.511188271605 0.344482421875 0.0771604938272 0.07958984375
3 0.450231481481 0.762451171875 0.167438271605 0.25341796875
3 0.296489197531 0.623779296875 0.159336419753 0.18603515625
3 0.766010802469 0.632080078125 0.413194444444 0.70361328125
1 0.213927469136 0.263916015625 0.0590277777778 0.05419921875
1 0.292052469136 0.25537109375 0.0570987654321 0.0576171875
1 0.359375 0.26123046875 0.0497685185185 0.0595703125
1 0.38599537037 0.22802734375 0.0420524691358 0.044921875
1 0.323302469136 0.231689453125 0.0447530864198 0.04052734375
