3 0.688850308642 0.64599609375 0.160108024691 0.2333984375
3 0.61149691358 0.410888671875 0.0902777777778 0.11767578125
3 0.490547839506 0.4306640625 0.0914351851852 0.10546875
3 0.455054012346 0.663330078125 0.13850308642 0.26220703125
3 0.240933641975 0.654296875 0.170910493827 0.1982421875
3 0.380208333333 0.385009765625 0.0906635802469 0.10205078125
0 0.677469135802 0.35986328125 0.033950617284 0.091796875
1 0.357831790123 0.250732421875 0.0505401234568 0.07177734375
1 0.301311728395 0.250732421875 0.0516975308642 0.05712890625
1 0.231867283951 0.249267578125 0.0625 0.04345703125
1 0.39486882716 0.22314453125 0.0443672839506 0.0439453125
1 0.398533950617 0.168701171875 0.028549382716 0.03271484375
1 0.438078703704 0.16162109375 0.0289351851852 0.0244140625
1 0.260030864198 0.23193359375 0.0362654320988 0.0439453125
1 0.417438271605 0.139892578125 0.0208333333333 0.02099609375
1 0.464891975309 0.138916015625 0.0177469135802 0.02099609375
