3 0.428433641975 0.778564453125 0.179398148148 0.27001953125
3 0.488233024691 0.5009765625 0.108410493827 0.16015625
3 0.34587191358 0.450439453125 0.108410493827 0.12060546875
3 0.490547839506 0.3681640625 0.0798611111111 0.083984375
3 0.439236111111 0.302490234375 0.0613425925926 0.06884765625
3 0.508101851852 0.25830078125 0.0493827160494 0.0537109375
3 0.456018518519 0.251220703125 0.0493827160494 0.06103515625
3 0.651427469136 0.4248046875 0.177083333333 0.306640625
3 0.600694444444 0.24609375 0.104938271605 0.1328125
1 0.113811728395 0.511474609375 0.137345679012 0.16162109375
1 0.251929012346 0.364013671875 0.104166666667 0.11767578125
1 0.348765432099 0.260986328125 0.0547839506173 0.07470703125
1 0.0717592592593 0.425048828125 0.122685185185 0.10986328125
1 0.264853395062 0.279052734375 0.0628858024691 0.05126953125
1 0.295910493827 0.252197265625 0.0509259259259 0.05419921875
1 0.206211419753 0.275146484375 0.0497685185185 0.05126953125
1 0.245563271605 0.244384765625 0.0435956790123 0.04345703125
1 0.101851851852 0.30078125 0.173611111111 0.154296875
1 0.395061728395 0.21826171875 0.0416666666667 0.037109375
1 0.343364197531 0.213623046875 0.0439814814815 0.03564453125
3 0.490547839506 0.160888671875 0.0235339506173 0.02783203125
3 0.521412037037 0.162353515625 0.0243055555556 0.03076171875
1 0.393711419753 0.180908203125 0.0343364197531 0.03466796875
