3 0.430941358025 0.793701171875 0.179783950617 0.27001953125
3 0.454475308642 0.43212890625 0.0987654320988 0.111328125
3 0.376543209877 0.3642578125 0.0856481481481 0.091796875
3 0.467013888889 0.325439453125 0.0690586419753 0.06884765625
3 0.119598765432 0.903076171875 0.195987654321 0.19287109375
3 0.727430555556 0.637451171875 0.283564814815 0.61669921875
3 0.582175925926 0.2919921875 0.139660493827 0.23046875
3 0.499035493827 0.272216796875 0.0505401234568 0.05029296875
3 0.455632716049 0.238525390625 0.0432098765432 0.05029296875
3 0.477816358025 0.199462890625 0.0327932098765 0.03955078125
1 0.317515432099 0.30712890625 0.070987654321 0.0751953125
1 0.234953703704 0.316162109375 0.0748456790123 0.07763671875
1 0.187307098765 0.452880859375 0.112268518519 0.12841796875
1 0.12037037037 0.38037109375 0.101080246914 0.10546875
1 0.306712962963 0.250732421875 0.0470679012346 0.05322265625
1 0.0563271604938 0.338134765625 0.0717592592593 0.07177734375
1 0.185956790123 0.26220703125 0.131944444444 0.140625
1 0.258487654321 0.237060546875 0.0316358024691 0.04638671875
1 0.383487654321 0.224609375 0.0439814814815 0.0400390625
1 0.298418209877 0.212646484375 0.0374228395062 0.03076171875
1 0.353395061728 0.211181640625 0.0378086419753 0.03369140625
3 0.489197530864 0.17333984375 0.0239197530864 0.0234375
3 0.529513888889 0.168212890625 0.0250771604938 0.02392578125
