0 0.454282407407 0.48779296875 0.03125 0.125
0 0.348186728395 0.519287109375 0.0435956790123 0.14208984375
0 0.309027777778 0.5146484375 0.0447530864198 0.1484375
0 0.294560185185 0.465087890625 0.0351080246914 0.13134765625
1 0.166859567901 0.357421875 0.0929783950617 0.08984375
1 0.22762345679 0.317626953125 0.079475308642 0.07177734375
1 0.0792824074074 0.412353515625 0.108410493827 0.09912109375
1 0.36149691358 0.259765625 0.0578703703704 0.068359375
0 0.482060185185 0.459716796875 0.0435956790123 0.11474609375
0 0.703317901235 0.51025390625 0.033950617284 0.1064453125
0 0.654320987654 0.445556640625 0.033950617284 0.09326171875
3 0.544174382716 0.25341796875 0.0497685185185 0.048828125
3 0.46662808642 0.2470703125 0.0489969135802 0.044921875
3 0.577160493827 0.207763671875 0.033950617284 0.03466796875
3 0.516589506173 0.208740234375 0.0362654320988 0.03662109375
3 0.563850308642 0.18115234375 0.0266203703704 0.0263671875
3 0.474151234568 0.211181640625 0.0432098765432 0.03564453125
3 0.47974537037 0.173583984375 0.0273919753086 0.02978515625
1 0.422067901235 0.17041015625 0.0354938271605 0.033203125
1 0.391975308642 0.14697265625 0.0231481481481 0.0234375
3 0.520640432099 0.18408203125 0.0297067901235 0.0263671875
