3 0.695408950617 0.863525390625 0.219521604938 0.27197265625
3 0.450231481481 0.783935546875 0.16512345679 0.25341796875
3 0.269290123457 0.62744140625 0.16049382716 0.1875
3 0.481481481481 0.478759765625 0.117283950617 0.14990234375
3 0.640046296296 0.51708984375 0.118055555556 0.146484375
3 0.575038580247 0.3720703125 0.0698302469136 0.0732421875
3 0.380787037037 0.37890625 0.101080246914 0.1083984375
3 0.495177469136 0.2978515625 0.0675154320988 0.0625
3 0.581983024691 0.29248046875 0.0675154320988 0.0732421875
3 0.579861111111 0.244384765625 0.0578703703704 0.05029296875
3 0.502507716049 0.25830078125 0.0505401234568 0.056640625
3 0.453125 0.21923828125 0.0412808641975 0.0517578125
1 0.0831404320988 0.53759765625 0.166280864198 0.193359375
1 0.274884259259 0.347900390625 0.0914351851852 0.09326171875
1 0.158757716049 0.29443359375 0.0752314814815 0.05859375
1 0.24787808642 0.2900390625 0.0659722222222 0.0576171875
1 0.234182098765 0.25244140625 0.0524691358025 0.041015625
1 0.0626929012346 0.333984375 0.117669753086 0.18359375
1 0.336226851852 0.24462890625 0.0968364197531 0.1416015625
3 0.500192901235 0.20556640625 0.0381944444444 0.037109375
3 0.579282407407 0.19921875 0.0528549382716 0.0693359375
