3 0.442901234568 0.79296875 0.16975308642 0.265625
3 0.711805555556 0.812255859375 0.235339506173 0.30029296875
3 0.632137345679 0.48095703125 0.121527777778 0.1572265625
3 0.466435185185 0.446044921875 0.096450617284 0.12353515625
3 0.495949074074 0.337646484375 0.0783179012346 0.08740234375
3 0.511766975309 0.2841796875 0.0543981481481 0.068359375
3 0.603780864198 0.26220703125 0.0941358024691 0.1435546875
1 0.304783950617 0.320068359375 0.079475308642 0.07958984375
1 0.156057098765 0.46337890625 0.13387345679 0.173828125
1 0.118827160494 0.3955078125 0.096450617284 0.091796875
1 0.178240740741 0.3359375 0.0895061728395 0.0751953125
1 0.244405864198 0.287841796875 0.0690586419753 0.07470703125
1 0.304783950617 0.24951171875 0.0555555555556 0.0537109375
1 0.0981867283951 0.3291015625 0.0790895061728 0.0595703125
1 0.0777391975309 0.307373046875 0.0713734567901 0.06396484375
1 0.0302854938272 0.408447265625 0.0605709876543 0.10595703125
3 0.453510802469 0.239013671875 0.0466820987654 0.05126953125
3 0.491512345679 0.199462890625 0.0354938271605 0.03271484375
3 0.525077160494 0.184814453125 0.0277777777778 0.02978515625
3 0.483989197531 0.175048828125 0.0281635802469 0.02783203125
1 0.389081790123 0.229248046875 0.0466820987654 0.04248046875
1 0.249807098765 0.214599609375 0.0760030864198 0.09130859375
1 0.354359567901 0.210205078125 0.0358796296296 0.02685546875
1 0.303240740741 0.211669921875 0.0401234567901 0.03759765625
