3 0.500816993464 0.6162109375 0.154411764706 0.189453125
3 0.699959150327 0.4736328125 0.126225490196 0.1357421875
3 0.489991830065 0.40185546875 0.114787581699 0.10546875
3 0.615604575163 0.34765625 0.0882352941176 0.0947265625
3 0.603553921569 0.266845703125 0.0714869281046 0.06396484375
3 0.495710784314 0.261474609375 0.0878267973856 0.12353515625
3 0.27512254902 0.495361328125 0.144199346405 0.14990234375
3 0.195874183007 0.66796875 0.223447712418 0.2470703125
0 0.669934640523 0.279541015625 0.0277777777778 0.06884765625
0 0.591299019608 0.20703125 0.0216503267974 0.048828125
3 0.551266339869 0.14697265625 0.0355392156863 0.0537109375
