3 0.315767973856 0.4345703125 0.107026143791 0.10546875
3 0.475285947712 0.486328125 0.108251633987 0.1435546875
3 0.714052287582 0.4697265625 0.131535947712 0.119140625
3 0.531454248366 0.7001953125 0.192810457516 0.216796875
3 0.287581699346 0.5634765625 0.172385620915 0.1787109375
3 0.12193627451 0.847412109375 0.229166666667 0.30419921875
3 0.491421568627 0.904052734375 0.330065359477 0.19091796875
0 0.617647058824 0.33544921875 0.0359477124183 0.091796875
0 0.648897058824 0.340576171875 0.0445261437908 0.09326171875
0 0.616625816993 0.216796875 0.0175653594771 0.048828125
0 0.598243464052 0.1875 0.0183823529412 0.044921875
