3 0.697508169935 0.490966796875 0.164624183007 0.13720703125
3 0.768382352941 0.716796875 0.247549019608 0.259765625
3 0.295343137255 0.504150390625 0.149509803922 0.14501953125
3 0.509191176471 0.3544921875 0.094362745098 0.0927734375
3 0.597630718954 0.260498046875 0.0653594771242 0.05810546875
3 0.186070261438 0.656494140625 0.232434640523 0.21826171875
3 0.106413398693 0.872314453125 0.205473856209 0.23193359375
3 0.534722222222 0.2392578125 0.0433006535948 0.0458984375
3 0.447303921569 0.219970703125 0.0498366013072 0.04736328125
3 0.517973856209 0.19873046875 0.0359477124183 0.03515625
3 0.49897875817 0.169677734375 0.0281862745098 0.02880859375
3 0.550653594771 0.143798828125 0.047385620915 0.05615234375
0 0.646446078431 0.24462890625 0.0216503267974 0.0654296875
