3 0.62193627451 0.43994140625 0.141748366013 0.154296875
3 0.435049019608 0.326171875 0.0866013071895 0.08203125
3 0.546772875817 0.278076171875 0.0649509803922 0.06591796875
3 0.394199346405 0.26123046875 0.0588235294118 0.056640625
3 0.40318627451 0.217041015625 0.0482026143791 0.04150390625
3 0.498161764706 0.19189453125 0.0371732026144 0.0400390625
3 0.382761437908 0.176025390625 0.0359477124183 0.04736328125
3 0.483047385621 0.9091796875 0.343545751634 0.1806640625
3 0.487745098039 0.152099609375 0.0285947712418 0.03076171875
3 0.449142156863 0.157470703125 0.030637254902 0.03076171875
3 0.47589869281 0.1318359375 0.0187908496732 0.01953125
