3 0.463235294118 0.83203125 0.224673202614 0.2734375
3 0.799632352941 0.805419921875 0.266748366013 0.28369140625
0 0.515318627451 0.5068359375 0.0510620915033 0.16015625
0 0.338031045752 0.568115234375 0.0486111111111 0.15380859375
0 0.296568627451 0.554931640625 0.0522875816993 0.15869140625
3 0.485294117647 0.181396484375 0.0343137254902 0.03564453125
3 0.437091503268 0.189453125 0.0400326797386 0.0361328125
2 0.330882352941 0.2392578125 0.119281045752 0.0537109375
3 0.483251633987 0.144775390625 0.0245098039216 0.02978515625
1 0.0271650326797 0.2529296875 0.0543300653595 0.0556640625
