3 0.751543209877 0.67578125 0.196759259259 0.216796875
3 0.313850308642 0.6611328125 0.160108024691 0.203125
3 0.202932098765 0.866455078125 0.234567901235 0.26611328125
3 0.474729938272 0.21630859375 0.0505401234568 0.0546875
1 0.125964506173 0.578125 0.177083333333 0.1953125
1 0.119984567901 0.432373046875 0.133487654321 0.15087890625
1 0.278742283951 0.25830078125 0.0736882716049 0.0869140625
1 0.345100308642 0.2294921875 0.0520833333333 0.0498046875
1 0.362075617284 0.18603515625 0.048225308642 0.046875
1 0.278742283951 0.181640625 0.0466820987654 0.048828125
2 0.162808641975 0.191162109375 0.18287037037 0.10205078125
0 0.54224537037 0.179443359375 0.0150462962963 0.04736328125
0 0.580632716049 0.197021484375 0.0162037037037 0.05517578125
0 0.639853395062 0.214599609375 0.0196759259259 0.05126953125
0 0.621913580247 0.189208984375 0.0162037037037 0.05029296875
0 0.634645061728 0.187255859375 0.0154320987654 0.04736328125
1 0.357060185185 0.123779296875 0.0412808641975 0.06591796875
1 0.389081790123 0.11474609375 0.0165895061728 0.021484375
3 0.428819444444 0.1064453125 0.0196759259259 0.0224609375
3 0.453317901235 0.08642578125 0.0216049382716 0.037109375
3 0.498649691358 0.09765625 0.0173611111111 0.0166015625
3 0.493827160494 0.089599609375 0.0138888888889 0.01708984375
1 0.395640432099 0.07666015625 0.0111882716049 0.0126953125
1 0.320408950617 0.129150390625 0.0358796296296 0.05908203125
