3 0.315200617284 0.660400390625 0.143518518519 0.19189453125
3 0.184027777778 0.86328125 0.257716049383 0.2685546875
1 0.31037808642 0.298828125 0.0736882716049 0.091796875
1 0.09375 0.4140625 0.118055555556 0.181640625
1 0.0758101851852 0.673095703125 0.15162037037 0.36083984375
2 0.109760802469 0.216796875 0.0968364197531 0.05078125
1 0.265432098765 0.25537109375 0.0586419753086 0.060546875
1 0.324074074074 0.19921875 0.0478395061728 0.056640625
1 0.383487654321 0.195556640625 0.0424382716049 0.04833984375
0 0.610725308642 0.25 0.0239197530864 0.0615234375
0 0.576581790123 0.1982421875 0.0173611111111 0.0458984375
0 0.534529320988 0.17919921875 0.0181327160494 0.044921875
0 0.641203703704 0.212890625 0.0162037037037 0.044921875
0 0.631172839506 0.189208984375 0.0138888888889 0.04931640625
0 0.650848765432 0.189208984375 0.0138888888889 0.04638671875
3 0.451581790123 0.152099609375 0.03125 0.03955078125
3 0.444830246914 0.130615234375 0.0231481481481 0.02099609375
3 0.474537037037 0.10595703125 0.0316358024691 0.05078125
3 0.497299382716 0.095703125 0.0162037037037 0.0166015625
3 0.493634259259 0.087158203125 0.0158179012346 0.01708984375
3 0.437885802469 0.11181640625 0.0270061728395 0.02734375
3 0.445023148148 0.0927734375 0.0165895061728 0.017578125
3 0.429976851852 0.096435546875 0.0181327160494 0.01708984375
3 0.440972222222 0.076416015625 0.0131172839506 0.01611328125
1 0.391396604938 0.137939453125 0.0258487654321 0.02294921875
1 0.360339506173 0.147705078125 0.0316358024691 0.02978515625
2 0.103587962963 0.1728515625 0.0551697530864 0.029296875
2 0.146797839506 0.165771484375 0.0536265432099 0.03173828125
1 0.287808641975 0.1474609375 0.0555555555556 0.0751953125
