0 0.852532679739 0.535888671875 0.0482026143791 0.12353515625
0 0.950776143791 0.47119140625 0.030637254902 0.0947265625
3 0.571078431373 0.344482421875 0.149509803922 0.15869140625
3 0.684640522876 0.301025390625 0.106209150327 0.14208984375
3 0.848651960784 0.261962890625 0.0535130718954 0.05810546875
1 0.127859477124 0.279052734375 0.0882352941176 0.10791015625
0 0.55943627451 0.165283203125 0.015114379085 0.02978515625
2 0.801266339869 0.18212890625 0.0518790849673 0.029296875
3 0.626429738562 0.12353515625 0.0142973856209 0.0126953125
0 0.645220588235 0.142822265625 0.0102124183007 0.01806640625
