3 0.318094135802 0.661865234375 0.15162037037 0.21630859375
3 0.190779320988 0.859619140625 0.261188271605 0.27978515625
1 0.159529320988 0.496337890625 0.155478395062 0.22119140625
1 0.141396604938 0.3623046875 0.0976080246914 0.140625
1 0.337384259259 0.2568359375 0.0628858024691 0.068359375
1 0.284529320988 0.22607421875 0.048225308642 0.0595703125
2 0.174961419753 0.206298828125 0.0891203703704 0.05322265625
0 0.623456790123 0.26611328125 0.0223765432099 0.064453125
0 0.54475308642 0.19775390625 0.0154320987654 0.0498046875
0 0.575038580247 0.197509765625 0.0181327160494 0.04833984375
0 0.640817901235 0.212646484375 0.0154320987654 0.04443359375
0 0.633680555556 0.18798828125 0.0165895061728 0.046875
0 0.652777777778 0.189208984375 0.016975308642 0.04150390625
1 0.387345679012 0.17626953125 0.0378086419753 0.0400390625
1 0.331404320988 0.187255859375 0.0408950617284 0.04638671875
1 0.363811728395 0.134521484375 0.0262345679012 0.02978515625
3 0.454861111111 0.163330078125 0.0316358024691 0.03857421875
3 0.447530864198 0.13916015625 0.0270061728395 0.025390625
3 0.47550154321 0.107666015625 0.0343364197531 0.05419921875
0 0.512152777778 0.1455078125 0.0119598765432 0.0390625
3 0.437692901235 0.114990234375 0.0250771604938 0.02880859375
3 0.446952160494 0.095947265625 0.0150462962963 0.02197265625
1 0.387152777778 0.125244140625 0.0258487654321 0.02978515625
1 0.29263117284 0.146728515625 0.068287037037 0.07568359375
1 0.34587191358 0.121337890625 0.0181327160494 0.02490234375
3 0.497106481481 0.096923828125 0.0150462962963 0.01611328125
3 0.494405864198 0.08740234375 0.014274691358 0.0166015625
3 0.440972222222 0.078125 0.0131172839506 0.01171875
1 0.0202546296296 0.514892578125 0.0389660493827 0.22509765625
