0 0.439133986928 0.366455078125 0.0343137254902 0.08447265625
0 0.75714869281 0.384765625 0.0322712418301 0.0927734375
0 0.896854575163 0.48291015625 0.0322712418301 0.111328125
0 0.582924836601 0.163330078125 0.00898692810458 0.02294921875
3 0.84579248366 0.26123046875 0.0510620915033 0.0517578125
3 0.800040849673 0.181640625 0.0559640522876 0.0283203125
1 0.127655228758 0.242431640625 0.0445261437908 0.05322265625
1 0.359272875817 0.179931640625 0.0273692810458 0.03076171875
3 0.553308823529 0.138671875 0.030637254902 0.037109375
3 0.626633986928 0.124755859375 0.016339869281 0.01513671875
