3 0.80825617284 0.751220703125 0.216049382716 0.27001953125
3 0.545331790123 0.7177734375 0.179398148148 0.23046875
3 0.662422839506 0.4169921875 0.104938271605 0.1142578125
3 0.49787808642 0.301025390625 0.0844907407407 0.09326171875
3 0.547839506173 0.22021484375 0.0516975308642 0.0595703125
3 0.442322530864 0.215576171875 0.0505401234568 0.05322265625
3 0.477816358025 0.19384765625 0.039737654321 0.0517578125
3 0.52912808642 0.176513671875 0.03125 0.03662109375
1 0.246334876543 0.387939453125 0.13850308642 0.15087890625
1 0.0613425925926 0.547607421875 0.122685185185 0.21044921875
1 0.140625 0.3857421875 0.0821759259259 0.1005859375
1 0.364583333333 0.207275390625 0.0439814814815 0.04638671875
1 0.384259259259 0.169677734375 0.037037037037 0.03369140625
1 0.310570987654 0.175537109375 0.070987654321 0.09912109375
1 0.266782407407 0.157470703125 0.0405092592593 0.04736328125
3 0.444637345679 0.13427734375 0.0335648148148 0.041015625
3 0.476273148148 0.138671875 0.0289351851852 0.029296875
3 0.479359567901 0.1171875 0.0235339506173 0.0185546875
3 0.418402777778 0.092529296875 0.0258487654321 0.02587890625
3 0.499614197531 0.095458984375 0.0177469135802 0.01513671875
1 0.225115740741 0.2568359375 0.0713734567901 0.0576171875
