0 0.824459876543 0.5458984375 0.0509259259259 0.1552734375
3 0.556905864198 0.749755859375 0.197916666667 0.34033203125
3 0.501929012346 0.443115234375 0.111882716049 0.16943359375
3 0.653163580247 0.35595703125 0.195216049383 0.2666015625
3 0.305555555556 0.317138671875 0.10725308642 0.10986328125
3 0.472608024691 0.265869140625 0.0771604938272 0.12060546875
3 0.510416666667 0.1875 0.0347222222222 0.0458984375
3 0.455054012346 0.1611328125 0.0351080246914 0.041015625
3 0.257716049383 0.6474609375 0.287037037037 0.5478515625
1 0.384452160494 0.162841796875 0.0297067901235 0.03466796875
1 0.343557098765 0.1611328125 0.0297067901235 0.029296875
1 0.290702160494 0.167724609375 0.0327932098765 0.03466796875
3 0.499614197531 0.097412109375 0.0154320987654 0.01806640625
3 0.431327160494 0.059814453125 0.0115740740741 0.01513671875
