3 0.78587962963 0.637451171875 0.185956790123 0.20751953125
3 0.527199074074 0.59326171875 0.153163580247 0.1767578125
3 0.332561728395 0.5322265625 0.141975308642 0.1650390625
3 0.260223765432 0.825927734375 0.226466049383 0.31591796875
3 0.537615740741 0.871826171875 0.21412037037 0.25537109375
3 0.888310185185 0.89013671875 0.217206790123 0.21875
0 0.505594135802 0.3994140625 0.0374228395062 0.0888671875
0 0.693672839506 0.42919921875 0.037037037037 0.0927734375
0 0.418788580247 0.28125 0.0204475308642 0.078125
0 0.645447530864 0.2880859375 0.025462962963 0.0703125
2 0.113425925926 0.207275390625 0.0702160493827 0.04052734375
2 0.206983024691 0.1865234375 0.0806327160494 0.0634765625
1 0.282407407407 0.173583984375 0.0385802469136 0.03466796875
3 0.434606481481 0.179443359375 0.0551697530864 0.08447265625
1 0.385802469136 0.158203125 0.0331790123457 0.0400390625
1 0.33950617284 0.162841796875 0.0347222222222 0.03857421875
3 0.441165123457 0.076171875 0.0189043209877 0.025390625
3 0.498456790123 0.0966796875 0.016975308642 0.0166015625
3 0.49324845679 0.089599609375 0.0150462962963 0.01318359375
0 0.632716049383 0.19677734375 0.0123456790123 0.0439453125
