3 0.545524691358 0.583251953125 0.145833333333 0.19384765625
3 0.729938271605 0.589111328125 0.158179012346 0.18115234375
3 0.310185185185 0.666015625 0.162808641975 0.2060546875
3 0.554398148148 0.841796875 0.216820987654 0.2900390625
3 0.191550925926 0.861083984375 0.277391975309 0.27294921875
0 0.817901234568 0.51611328125 0.0470679012346 0.154296875
0 0.977816358025 0.7646484375 0.0435956790123 0.1748046875
0 0.163773148148 0.3779296875 0.0335648148148 0.0888671875
1 0.0354938271605 0.3212890625 0.0663580246914 0.125
1 0.292438271605 0.16796875 0.0347222222222 0.0341796875
1 0.346643518519 0.154296875 0.0297067901235 0.0322265625
1 0.384066358025 0.163330078125 0.0304783950617 0.03466796875
1 0.395447530864 0.124267578125 0.0208333333333 0.02392578125
0 0.446180555556 0.151611328125 0.0135030864198 0.03564453125
0 0.505979938272 0.15283203125 0.014274691358 0.0380859375
0 0.545138888889 0.1650390625 0.0115740740741 0.0419921875
0 0.579282407407 0.196044921875 0.0127314814815 0.04931640625
0 0.640817901235 0.212646484375 0.0154320987654 0.04248046875
0 0.690393518519 0.23486328125 0.0181327160494 0.0556640625
0 0.632908950617 0.1953125 0.0127314814815 0.046875
3 0.446759259259 0.089111328125 0.0146604938272 0.01904296875
3 0.497685185185 0.095703125 0.016975308642 0.015625
3 0.462962962963 0.08203125 0.00925925925926 0.015625
1 0.37287808642 0.126953125 0.0196759259259 0.0224609375
3 0.435570987654 0.06494140625 0.0123456790123 0.0205078125
