3 0.527777777778 0.602294921875 0.15200617284 0.18310546875
3 0.787037037037 0.633544921875 0.195216049383 0.21533203125
3 0.282021604938 0.617431640625 0.27237654321 0.47607421875
1 0.123456790123 0.556640625 0.172067901235 0.216796875
3 0.603780864198 0.245849609375 0.0270061728395 0.06201171875
2 0.123070987654 0.218505859375 0.0787037037037 0.04541015625
2 0.240547839506 0.185791015625 0.0659722222222 0.03857421875
1 0.38599537037 0.157958984375 0.0351080246914 0.03662109375
1 0.341242283951 0.160888671875 0.0327932098765 0.03857421875
1 0.297067901235 0.1630859375 0.0385802469136 0.0341796875
0 0.543402777778 0.175537109375 0.0150462962963 0.04150390625
0 0.568287037037 0.178955078125 0.0138888888889 0.03857421875
0 0.587962962963 0.179443359375 0.0131172839506 0.03955078125
0 0.628665123457 0.188232421875 0.0158179012346 0.04443359375
3 0.483217592593 0.134521484375 0.0420524691358 0.06494140625
3 0.446180555556 0.112548828125 0.0165895061728 0.02099609375
3 0.444637345679 0.08740234375 0.0173611111111 0.01953125
3 0.443094135802 0.073974609375 0.0111882716049 0.01806640625
3 0.498263888889 0.0966796875 0.0158179012346 0.0146484375
3 0.433834876543 0.103759765625 0.0165895061728 0.02001953125
1 0.400655864198 0.132568359375 0.0212191358025 0.02197265625
