3 0.521219135802 0.521484375 0.145833333333 0.1708984375
3 0.490547839506 0.3154296875 0.0721450617284 0.0791015625
3 0.484375 0.21630859375 0.0505401234568 0.0517578125
1 0.303240740741 0.314208984375 0.087962962963 0.10009765625
1 0.163773148148 0.333251953125 0.0698302469136 0.09912109375
1 0.107060185185 0.5712890625 0.166280864198 0.2060546875
1 0.248263888889 0.268310546875 0.065200617284 0.09130859375
3 0.469521604938 0.16552734375 0.0401234567901 0.04296875
3 0.491512345679 0.14111328125 0.0231481481481 0.0322265625
3 0.423418209877 0.1025390625 0.0173611111111 0.01953125
3 0.444830246914 0.12646484375 0.0177469135802 0.025390625
3 0.470293209877 0.136962890625 0.025462962963 0.02978515625
3 0.476466049383 0.115966796875 0.0231481481481 0.02001953125
3 0.455054012346 0.104736328125 0.0189043209877 0.01806640625
3 0.448109567901 0.08837890625 0.0173611111111 0.0166015625
3 0.498263888889 0.09814453125 0.0181327160494 0.015625
3 0.437114197531 0.07470703125 0.0123456790123 0.017578125
3 0.431712962963 0.059326171875 0.0108024691358 0.01806640625
0 0.634837962963 0.22705078125 0.0173611111111 0.0625
0 0.654899691358 0.227294921875 0.0150462962963 0.06005859375
0 0.609953703704 0.207763671875 0.0162037037037 0.05322265625
0 0.571566358025 0.17578125 0.0135030864198 0.044921875
1 0.388888888889 0.162109375 0.033950617284 0.0361328125
1 0.336612654321 0.16650390625 0.0405092592593 0.052734375
