3 0.527777777778 0.725341796875 0.175925925926 0.24853515625
3 0.663773148148 0.388671875 0.148533950617 0.1953125
1 0.309992283951 0.320068359375 0.0806327160494 0.10693359375
1 0.359567901235 0.2431640625 0.0470679012346 0.0595703125
1 0.270640432099 0.246826171875 0.0590277777778 0.07958984375
1 0.0740740740741 0.654296875 0.148148148148 0.27734375
1 0.107060185185 0.41748046875 0.123842592593 0.1474609375
1 0.161651234568 0.33935546875 0.0979938271605 0.0986328125
2 0.153163580247 0.208984375 0.091049382716 0.0498046875
3 0.476273148148 0.165283203125 0.0358796296296 0.03173828125
3 0.468171296296 0.13671875 0.0235339506173 0.02734375
1 0.31674382716 0.199462890625 0.0401234567901 0.04248046875
1 0.347608024691 0.165771484375 0.0362654320988 0.02880859375
1 0.388310185185 0.142578125 0.0513117283951 0.0732421875
3 0.435185185185 0.11767578125 0.0200617283951 0.0234375
3 0.47299382716 0.104248046875 0.0231481481481 0.02294921875
3 0.498070987654 0.09619140625 0.0154320987654 0.017578125
3 0.448109567901 0.103271484375 0.0150462962963 0.01708984375
0 0.602044753086 0.193359375 0.014274691358 0.052734375
0 0.617669753086 0.1943359375 0.0123456790123 0.046875
0 0.568287037037 0.18115234375 0.0146604938272 0.048828125
