3 0.738233024691 0.616943359375 0.179398148148 0.19384765625
3 0.564043209877 0.779296875 0.207561728395 0.2900390625
3 0.309220679012 0.66259765625 0.155478395062 0.2001953125
3 0.186149691358 0.861083984375 0.261959876543 0.26708984375
1 0.190393518519 0.287841796875 0.175540123457 0.21630859375
3 0.480324074074 0.149169921875 0.0324074074074 0.03662109375
0 0.671296296296 0.336181640625 0.0362654320988 0.09619140625
1 0.386959876543 0.15869140625 0.0270061728395 0.0322265625
1 0.291087962963 0.169921875 0.0351080246914 0.03125
1 0.376736111111 0.126220703125 0.0219907407407 0.02490234375
2 0.0914351851852 0.171630859375 0.0671296296296 0.03466796875
2 0.143904320988 0.165771484375 0.0493827160494 0.02685546875
1 0.350308641975 0.1142578125 0.0231481481481 0.021484375
0 0.580054012346 0.196044921875 0.0150462962963 0.05224609375
0 0.579282407407 0.195068359375 0.0150462962963 0.05224609375
0 0.636766975309 0.217041015625 0.0158179012346 0.04150390625
0 0.620563271605 0.19091796875 0.0127314814815 0.044921875
0 0.634452160494 0.18701171875 0.0119598765432 0.0419921875
0 0.512345679012 0.140625 0.0115740740741 0.03515625
3 0.445408950617 0.119384765625 0.0235339506173 0.03173828125
3 0.497492283951 0.095458984375 0.0150462962963 0.01611328125
3 0.492862654321 0.088134765625 0.014274691358 0.01416015625
3 0.443479938272 0.077392578125 0.0165895061728 0.02392578125
1 0.394290123457 0.090576171875 0.0146604938272 0.01611328125
3 0.463155864198 0.080810546875 0.0119598765432 0.01416015625
3 0.425540123457 0.08251953125 0.0138888888889 0.013671875
