3 0.845100308642 0.731201171875 0.309027777778 0.43505859375
1 0.0721450617284 0.648193359375 0.144290123457 0.23486328125
1 0.31037808642 0.319580078125 0.0760030864198 0.10107421875
3 0.48861882716 0.22119140625 0.0435956790123 0.05078125
3 0.473765432099 0.169189453125 0.0347222222222 0.03955078125
3 0.44425154321 0.13134765625 0.0250771604938 0.025390625
3 0.451967592593 0.115478515625 0.0165895061728 0.01904296875
3 0.46199845679 0.098388671875 0.0196759259259 0.02001953125
3 0.499228395062 0.095947265625 0.0162037037037 0.01513671875
3 0.494020061728 0.09033203125 0.0158179012346 0.0146484375
3 0.441165123457 0.105224609375 0.0219907407407 0.02294921875
0 0.607831790123 0.198974609375 0.0135030864198 0.05126953125
0 0.623070987654 0.20068359375 0.0123456790123 0.0498046875
0 0.570794753086 0.18212890625 0.0119598765432 0.0517578125
1 0.215277777778 0.2978515625 0.0841049382716 0.1064453125
1 0.243827160494 0.246337890625 0.0570987654321 0.05615234375
1 0.33275462963 0.231201171875 0.0497685185185 0.06298828125
1 0.31037808642 0.2021484375 0.0474537037037 0.048828125
1 0.173032407407 0.21044921875 0.0690586419753 0.0439453125
1 0.262152777778 0.184326171875 0.048225308642 0.03759765625
1 0.379050925926 0.197998046875 0.0374228395062 0.03564453125
1 0.385609567901 0.167724609375 0.0374228395062 0.03466796875
1 0.394290123457 0.12451171875 0.0408950617284 0.0625
