3 0.529706790123 0.569580078125 0.162808641975 0.20947265625
1 0.171682098765 0.41455078125 0.126543209877 0.1435546875
1 0.262731481481 0.306396484375 0.0725308641975 0.09130859375
3 0.482831790123 0.30029296875 0.0760030864198 0.076171875
3 0.613425925926 0.314697265625 0.0771604938272 0.07763671875
3 0.898148148148 0.923828125 0.202932098765 0.1484375
1 0.0725308641975 0.212646484375 0.0640432098765 0.03955078125
3 0.486689814815 0.24658203125 0.048225308642 0.06640625
3 0.561342592593 0.233642578125 0.054012345679 0.05029296875
3 0.476658950617 0.2109375 0.0466820987654 0.0439453125
3 0.467013888889 0.15869140625 0.039737654321 0.056640625
3 0.449652777778 0.13623046875 0.0204475308642 0.029296875
3 0.492283950617 0.156005859375 0.0239197530864 0.03076171875
3 0.490354938272 0.134765625 0.0223765432099 0.0283203125
3 0.449459876543 0.112060546875 0.0216049382716 0.02490234375
3 0.465470679012 0.108154296875 0.0165895061728 0.02294921875
3 0.48900462963 0.11669921875 0.0235339506173 0.0185546875
3 0.418981481481 0.095947265625 0.0239197530864 0.02587890625
3 0.498842592593 0.096435546875 0.0177469135802 0.01611328125
1 0.336226851852 0.24658203125 0.0551697530864 0.06640625
1 0.384837962963 0.174072265625 0.0343364197531 0.03955078125
1 0.255787037037 0.258544921875 0.0640432098765 0.05908203125
1 0.295524691358 0.208740234375 0.0439814814815 0.04345703125
1 0.336419753086 0.154541015625 0.0532407407407 0.07373046875
1 0.278935185185 0.180419921875 0.0424382716049 0.03173828125
1 0.283950617284 0.152099609375 0.045524691358 0.03466796875
1 0.396026234568 0.15087890625 0.0289351851852 0.03125
