3 0.320601851852 0.56103515625 0.149691358025 0.1708984375
3 0.52662037037 0.603759765625 0.154320987654 0.18017578125
3 0.78587962963 0.63671875 0.190586419753 0.2001953125
3 0.257716049383 0.8349609375 0.229166666667 0.3095703125
3 0.533950617284 0.875 0.224537037037 0.2490234375
3 0.887345679012 0.886962890625 0.224537037037 0.22412109375
0 0.819058641975 0.508544921875 0.0447530864198 0.13232421875
3 0.407600308642 0.244140625 0.0829475308642 0.1337890625
2 0.103973765432 0.206787109375 0.0551697530864 0.03857421875
2 0.197337962963 0.183837890625 0.152391975309 0.08349609375
1 0.38599537037 0.156005859375 0.0343364197531 0.04150390625
1 0.340277777778 0.160888671875 0.0385802469136 0.03955078125
1 0.287422839506 0.172119140625 0.0331790123457 0.03271484375
1 0.398148148148 0.129638671875 0.0262345679012 0.02783203125
3 0.44888117284 0.09228515625 0.022762345679 0.025390625
3 0.49787808642 0.097412109375 0.0181327160494 0.01513671875
3 0.494598765432 0.091064453125 0.0138888888889 0.01416015625
