3 0.539930555556 0.611572265625 0.180941358025 0.31103515625
3 0.525462962963 0.427734375 0.113425925926 0.0927734375
3 0.608024691358 0.33447265625 0.0902777777778 0.08984375
3 0.487075617284 0.26220703125 0.0675154320988 0.0732421875
3 0.327353395062 0.515625 0.13850308642 0.201171875
2 0.172839506173 0.3017578125 0.100308641975 0.0703125
3 0.862461419753 0.73828125 0.268904320988 0.5224609375
3 0.254050925926 0.84423828125 0.260416666667 0.306640625
0 0.860532407407 0.3974609375 0.0258487654321 0.1005859375
0 0.820216049383 0.394287109375 0.0331790123457 0.10302734375
0 0.578703703704 0.197265625 0.0192901234568 0.048828125
0 0.64274691358 0.2099609375 0.0192901234568 0.0498046875
0 0.623842592593 0.1962890625 0.0146604938272 0.056640625
1 0.385416666667 0.163330078125 0.0308641975309 0.03369140625
1 0.345293209877 0.159423828125 0.0316358024691 0.03662109375
1 0.291280864198 0.169677734375 0.033950617284 0.03076171875
1 0.391782407407 0.143798828125 0.0327932098765 0.02685546875
3 0.498842592593 0.096923828125 0.0162037037037 0.01708984375
3 0.431134259259 0.059326171875 0.0111882716049 0.01611328125
