0 0.797260802469 0.599365234375 0.056712962963 0.15283203125
3 0.532214506173 0.82275390625 0.215663580247 0.306640625
3 0.501929012346 0.377197265625 0.087962962963 0.10205078125
3 0.585841049383 0.259765625 0.0891203703704 0.1083984375
1 0.308449074074 0.34619140625 0.0798611111111 0.09765625
1 0.336226851852 0.264404296875 0.065200617284 0.06591796875
1 0.188464506173 0.339111328125 0.0952932098765 0.10498046875
1 0.187885802469 0.487060546875 0.141975308642 0.17529296875
1 0.371913580247 0.170654296875 0.0686728395062 0.10693359375
1 0.282214506173 0.244384765625 0.0528549382716 0.05224609375
1 0.320987654321 0.1953125 0.0385802469136 0.037109375
1 0.288773148148 0.152587890625 0.0582561728395 0.07373046875
3 0.463541666667 0.1376953125 0.0258487654321 0.029296875
3 0.430169753086 0.10400390625 0.016975308642 0.0224609375
3 0.457947530864 0.114013671875 0.0192901234568 0.02099609375
3 0.463155864198 0.092529296875 0.0158179012346 0.01513671875
3 0.497492283951 0.095947265625 0.0173611111111 0.01513671875
1 0.387345679012 0.108154296875 0.0208333333333 0.01904296875
1 0.44637345679 0.095703125 0.0138888888889 0.0166015625
1 0.439043209877 0.080810546875 0.0115740740741 0.01416015625
0 0.548418209877 0.17529296875 0.0127314814815 0.041015625
0 0.569637345679 0.177734375 0.0150462962963 0.046875
0 0.603202160494 0.18798828125 0.0135030864198 0.0439453125
0 0.616319444444 0.187255859375 0.0096450617284 0.04541015625
