3 0.527199074074 0.761962890625 0.170138888889 0.31298828125
3 0.767168209877 0.650390625 0.177083333333 0.208984375
3 0.497685185185 0.428466796875 0.101080246914 0.10986328125
3 0.487654320988 0.24169921875 0.0601851851852 0.0927734375
1 0.272955246914 0.307373046875 0.0875771604938 0.10009765625
1 0.374228395062 0.18603515625 0.033950617284 0.04296875
1 0.306712962963 0.208251953125 0.0493827160494 0.04345703125
1 0.393518518519 0.142822265625 0.0277777777778 0.03271484375
1 0.338927469136 0.173095703125 0.0366512345679 0.04443359375
3 0.463927469136 0.19189453125 0.0327932098765 0.044921875
3 0.52912808642 0.222900390625 0.0374228395062 0.04541015625
3 0.527970679012 0.181396484375 0.0374228395062 0.04931640625
3 0.451774691358 0.1513671875 0.0331790123457 0.0419921875
3 0.509066358025 0.150634765625 0.0289351851852 0.03369140625
3 0.476080246914 0.128173828125 0.0231481481481 0.02587890625
3 0.466242283951 0.119384765625 0.0219907407407 0.02197265625
3 0.446759259259 0.103759765625 0.0146604938272 0.01904296875
3 0.469328703704 0.106201171875 0.0173611111111 0.01611328125
3 0.452932098765 0.090576171875 0.0115740740741 0.01513671875
3 0.435763888889 0.074951171875 0.0096450617284 0.01123046875
0 0.649112654321 0.190185546875 0.0119598765432 0.04833984375
