3 0.567708333333 0.884765625 0.234182098765 0.2294921875
3 0.505979938272 0.336669921875 0.0906635802469 0.10791015625
3 0.53587962963 0.23193359375 0.0586419753086 0.0732421875
3 0.463734567901 0.239501953125 0.0578703703704 0.06787109375
3 0.493441358025 0.176025390625 0.0354938271605 0.04052734375
3 0.447145061728 0.187255859375 0.0393518518519 0.04443359375
1 0.215084876543 0.41845703125 0.109953703704 0.125
1 0.175540123457 0.322509765625 0.079475308642 0.08349609375
1 0.328510802469 0.27685546875 0.065200617284 0.099609375
1 0.27662037037 0.251220703125 0.0563271604938 0.06689453125
1 0.358796296296 0.212646484375 0.0424382716049 0.04833984375
1 0.296682098765 0.2021484375 0.0354938271605 0.0498046875
1 0.384259259259 0.166748046875 0.0324074074074 0.04248046875
1 0.463348765432 0.151611328125 0.0331790123457 0.03662109375
1 0.444444444444 0.1328125 0.025462962963 0.02734375
1 0.333333333333 0.177978515625 0.0408950617284 0.03857421875
1 0.357445987654 0.139404296875 0.03125 0.04443359375
1 0.397955246914 0.130126953125 0.0243055555556 0.03271484375
0 0.668788580247 0.247314453125 0.0212191358025 0.06298828125
0 0.651427469136 0.248779296875 0.0219907407407 0.06591796875
0 0.641782407407 0.21044921875 0.0150462962963 0.05078125
0 0.56674382716 0.17333984375 0.0146604938272 0.0458984375
3 0.458526234568 0.1064453125 0.0266203703704 0.02734375
3 0.497492283951 0.09716796875 0.0158179012346 0.017578125
